1.44729
1.42056
1.48623
1.49678
1.53237
1.49215
1.42711
-3.00684
1.44446
1.52783
1.48878
-1.16806
1.51403
1.49095
1.47615
-0.251952
1.47722
1.52323
1.43393
-2.27571
1.43828
1.52339
1.47142
1.49477
1.47465
1.47469
1.49389
1.5445
1.41287
1.48314
1.48291
1.50428
1.47036
1.50538
1.5107
1.48113
-1.42296
1.48908
1.73534
2.20564
1.48089
1.44769
1.49367
1.46613
1.48651
1.50289
1.47905
1.52884
1.43458
1.41888
-0.532563
1.44174
1.45225
1.45753
1.49962
1.50401
1.90636
-1.43205
1.43507
1.40951
1.46627
1.41494
1.52787
1.43652
1.52437
1.47678
-1.11283
1.41352
1.52563
1.48661
1.48134
1.51011
1.42834
1.46336
1.4948
2.76846
1.4412
1.72601
1.47443
1.49291
1.44155
1.43007
1.49161
1.47253
1.46828
1.41683
1.42732
0.00959291
1.49018
-1.14625
