0.231003 -0.0286477 6.93009 -0.859431 4.58534e-07
0.00485131 -0.00982111 -6.78455 0.564798 -6.36045e-07
0.00164606 -0.008642 -0.0961576 0.0353734 1.13424e-07
-0.00165701 -0.00688025 -0.0990921 0.0528525 9.4356e-08
-0.00146664 -0.00713478 0.00571102 -0.00763586 -1.31614e-08
-0.00124831 -0.00745897 0.00655008 -0.00972557 -1.36007e-08
0.0051011 -0.00751136 0.190482 -0.00157188 -1.39177e-07
0.0110968 -0.00832142 0.17987 -0.0243016 -1.06482e-07
0.0701343 -0.0188385 1.77112 -0.315512 1.43854e-06
0.126517 -0.0325792 1.69149 -0.412221 1.60244e-06
0.0966689 0.0141585 -0.895452 1.40213 -2.03861e-06
0.0822559 0.0435132 -0.432393 0.88064 -1.17474e-06
0.0469899 -0.0987849 -1.05798 -4.26894 1.19669e-06
0.0886237 0.00494308 1.24901 3.11184 -4.93441e-07
0.0817346 -0.0153536 -0.206672 -0.6089 6.69106e-07
0.079679 -0.0224838 -0.0616684 -0.213907 -1.26114e-07
0.136656 -0.0328734 1.7093 -0.311689 5.08265e-07
0.194402 -0.0670164 1.73239 -1.02429 2.07775e-06
0.22031 -0.0730427 0.777256 -0.180791 8.31128e-07
0.24136 -0.0812296 0.631476 -0.245607 5.40045e-07
0.273101 -0.0785624 0.952244 0.0800178 1.35396e-07
0.296137 -0.0767435 0.691076 0.0545664 -2.11085e-07
0.296394 -0.0741277 0.00770942 0.0784753 -9.19069e-08
0.296137 -0.0729055 -0.00771923 0.0366649 -1.77422e-08
0.275931 -0.069204 -0.60618 0.111045 2.00522e-08
0.251877 -0.0651638 -0.721595 0.121204 -1.91266e-07
0.250268 -0.0600334 -0.0482865 0.153912 -1.31174e-07
0.244275 -0.0574339 -0.179788 0.0779863 -3.07848e-08
0.262149 -0.0612726 0.536218 -0.115163 9.09587e-08
0.270631 -0.0711573 0.254452 -0.296539 7.00884e-07
0.281117 -0.0662742 0.314581 0.146493 4.02475e-07
0.290954 -0.0650513 0.295123 0.0366847 6.5279e-07
0.332325 -0.0342971 1.24113 0.922627 1.12798e-06
0.365503 -0.029667 0.995327 0.138901 1.28626e-06
0.352999 0.030491 -0.375119 1.80474 1.36417e-06
0.306595 0.0352064 -1.39213 0.141461 -1.58509e-06
0.287679 0.0485646 -0.567462 0.400746 1.2336e-06
0.290877 0.0437418 0.0959224 -0.144684 2.56849e-06
0.272538 0.147578 -0.55015 3.11507 4.67342e-06
0.287141 0.258683 0.438073 3.33315 3.47656e-06
0.25047 0.174653 -1.10014 -2.5209 -2.19026e-07
0.180251 0.0722216 -2.10655 -3.07293 4.13264e-06
-0.0302777 0.255877 -6.31587 5.50967 3.25118e-06
0.103771 0.496627 4.02145 7.22249 -1.25187e-05
-0.148926 0.11613 -7.5809 -11.4149 4.93443e-06
0.015411 0.411102 4.93011 8.84916 -2.40289e-06
-0.0610383 0.28022 -2.29348 -3.92648 5.98745e-06
-0.0145976 0.148848 1.39322 -3.94115 3.57711e-05
0.211217 1.12534 6.77445 29.2948 9.07616e-05
-0.469169 2.62905 -20.4116 45.1112 6.94648e-05
-1.41306 4.2012 -28.3167 47.1646 7.74483e-05
-2.63835 5.39715 -36.7587 35.8783 9.67763e-05
-3.63399 7.05281 -29.8693 49.6699 0.000104734
-3.9971 8.99969 -10.8934 58.4063 0.000144295
-4.37865 11.1441 -11.4464 64.332 0.000182979
-4.16017 13.8743 6.55441 81.9052 0.000238328
-3.647 17.0963 15.3951 96.6607 0.000276719
-4.47069 21.1003 -24.7106 120.12 0.000295708
-6.87253 27.4506 -72.0552 190.511 0.000255951
-10.1612 34.7052 -98.6615 217.637 0.000205399
-13.6742 42.4385 -105.389 231.999 0.000164382
-16.2834 50.5963 -78.2756 244.733 0.000142028
-17.7467 59.6169 -43.8974 270.62 9.76275e-05
-18.8316 69.9413 -32.5494 309.731 5.37465e-05
-19.59 80.7601 -22.7501 324.565 2.54449e-05
-19.9323 91.3564 -10.271 317.887 2.35368e-05
-20.005 101.185 -2.18089 294.87 2.03027e-05
-20.263 109.875 -7.73782 260.703 3.79092e-05
-20.7357 117.421 -14.1827 226.374 3.29979e-05
-21.1865 124.418 -13.524 209.913 2.81177e-05
-22.0969 131.325 -27.3118 207.204 2.55174e-05
-22.6094 140.265 -15.3734 268.185 -3.85768e-06
-22.4882 151.319 3.63428 331.64 -6.46131e-05
-21.729 164.063 22.7753 382.312 -8.45212e-05
-20.1976 178.012 45.9436 418.463 -0.000108289
-18.4207 192.212 53.3054 426.006 -9.98697e-05
-16.8019 205.996 48.5659 413.522 -7.81023e-05
-15.4755 218.983 39.7907 389.609 -3.98026e-05
-14.3212 231.995 34.6283 390.345 -4.05445e-05
-13.195 246.072 33.7887 422.316 -4.47092e-05
-11.9616 262.846 36.9993 503.224 -8.26329e-05
-10.3464 281.176 48.4569 549.917 -8.66264e-05
-8.14742 299.682 65.9697 555.17 -7.01282e-05
-5.84011 318.992 69.2194 579.309 -7.07355e-05
-3.61584 338.11 66.7282 573.542 -5.04125e-05
-0.953904 357.566 79.858 583.666 -4.78618e-05
1.86826 376.997 84.665 582.937 -4.90331e-05
4.69 396.097 84.6521 572.997 -4.43433e-05
-11.1614 415.56 -475.541 583.896 -0.000625641
-8.06804 431.381 92.7998 474.608 1.94607e-05
-5.64518 446.367 72.6859 449.583 1.58549e-05
-3.21075 460.227 73.0329 415.821 3.69084e-06
-1.01166 471.785 65.9727 346.712 1.05396e-06
1.26037 482.342 68.1609 316.734 6.69857e-06
3.57482 491.491 69.4334 274.471 4.27478e-05
5.15462 500.322 47.3941 264.915 2.94636e-05
6.69166 510.097 46.1112 293.252 4.47176e-06
8.57878 520.232 56.6134 304.067 2.09852e-06
10.7802 530.426 66.0425 305.819 1.59063e-05
12.9627 540.707 65.4747 308.409 2.42919e-05
15.5082 551.96 76.3645 337.596 3.62506e-05
18.107 564.199 77.9643 367.161 3.35007e-05
21.4478 576.845 100.224 379.39 5.29558e-05
25.1756 590.167 111.835 399.669 7.73752e-05
29.316 604.306 124.211 424.159 8.25829e-05
32.146 619.25 84.9008 448.324 0.00014386
32.4518 634.82 9.17434 467.112 2.61542e-05
35.898 649.897 103.385 452.3 5.30769e-05
40.2261 663.746 129.842 415.473 7.50555e-05
44.5418 677.414 129.471 410.036 5.71193e-05
47.935 688.469 101.797 331.647 7.10719e-05
51.5274 698.797 107.771 309.827 4.51386e-05
54.7132 707.574 95.5739 263.336 5.90637e-05
58.0506 716.071 100.125 254.885 6.03425e-05
60.9375 724.978 86.6064 267.23 6.32115e-05
64.1551 734.389 96.5278 282.317 6.07228e-05
67.4024 744.089 97.4198 290.995 7.0368e-05
71.3718 754.771 119.082 320.463 8.03239e-05
76.3593 766.437 149.623 349.973 8.16002e-05
82.6025 777.593 187.298 334.705 0.000160205
87.0553 790.061 133.583 374.026 0.000138756
91.9557 803.197 147.012 394.087 0.000172458
96.42 816.374 133.928 395.294 0.000207009
101.149 829.096 141.883 381.678 0.000246359
105.692 840.701 136.269 348.157 0.000282611
110.095 853.138 132.09 373.104 0.000272326
114.216 863.848 123.633 321.299 0.000282517
117.535 871.557 99.5821 231.274 0.000269677
120.375 878.143 85.1822 197.558 0.000215539
123.7 884.293 99.7698 184.527 0.000185662
126.669 888.41 89.0668 123.488 0.000204363
129.927 891.877 97.7418 104.029 0.000234096
134.21 895.528 128.473 109.521 0.000273598
139.037 898.825 144.812 98.8955 0.000324863
144.832 902.466 173.847 109.236 0.000355499
151.439 906.007 198.229 106.232 0.00038714
157.475 909.183 181.073 95.2828 0.000367727
163.641 911.972 184.974 83.6619 0.000324529
170.455 912.62 204.41 19.4408 0.00033527
178.062 910.913 228.225 -51.1976 0.000377718
187.158 907.777 272.887 -94.0902 0.000412727
197.983 903.446 324.748 -129.928 0.000455544
210.349 898.252 370.972 -155.821 0.000538372
222.907 894.166 376.742 -122.576 0.00057672
233.857 892.215 328.495 -58.5295 0.000527567
242.738 892.626 266.423 12.3187 0.00042294
250.842 893.343 243.127 21.5118 0.000359292
258.425 893.883 227.504 16.2015 0.000350021
266.192 895.351 232.987 44.0453 0.000347019
274.758 896.758 257.003 42.2263 0.000390977
282.803 898.776 241.342 60.5368 0.000391239
290.805 902.587 240.064 114.306 0.000351085
297.938 907.103 213.996 135.509 0.000337901
304.77 913.478 204.963 191.228 0.000327482
310.896 921.693 183.769 246.473 0.000308711
317.213 931.719 189.516 300.759 0.000302417
323.994 942.333 203.432 318.427 0.000319072
331.264 952.822 218.099 314.668 0.000345272
337.673 963.697 192.265 326.245 0.000341069
344.415 975.921 202.264 366.738 0.000357858
350.333 987.789 177.529 356.021 0.000332079
356.699 1000.29 190.969 375.073 0.000362808
362.842 1012.24 184.294 358.365 0.000353581
369.672 1024.38 204.917 364.242 0.000408501
376.632 1038.03 208.8 409.609 0.000406207
383.81 1052.92 215.334 446.733 0.000416762
391.33 1067.4 225.586 434.213 0.00041586
398.45 1081.95 213.622 436.578 0.000439758
404.438 1096.07 179.638 423.631 0.000386938
409.848 1109.06 162.277 389.547 0.000333891
414.822 1120.03 149.224 329.331 0.000349748
419.461 1130.81 139.171 323.251 0.000355356
423.348 1141.11 116.633 309.11 0.000318009
427.626 1151.21 128.338 303.037 0.000277376
431.789 1160.24 124.872 270.88 0.000284863
435.095 1168.57 99.1958 249.985 0.000244531
438.646 1176.07 106.533 224.858 0.000242351
442.275 1183.2 108.871 213.858 0.000243586
445.901 1190.49 108.77 218.704 0.000246593
449.544 1198.54 109.301 241.634 0.000257623
453.32 1208.14 113.278 288.032 0.0002643
457.735 1218.88 132.449 322.172 0.000279009
462.462 1229.97 141.813 332.515 0.00028486
467.282 1241.71 144.599 352.21 0.000269173
472.075 1251.59 143.768 296.53 0.000209142
476.621 1258.7 136.4 213.263 0.000188324
480.832 1263.84 126.32 154.163 0.000164824
484.958 1267.02 123.787 95.4271 0.000169168
489.544 1268.31 137.573 38.5462 0.000201828
495.733 1267.15 185.662 -34.7921 0.000240618
503.226 1263.81 224.787 -99.9212 0.000335716
510.816 1260.6 227.719 -96.5003 0.000386654
519.288 1259.8 254.151 -23.8165 0.000382631
528.191 1261.37 267.084 46.9315 0.000363757
536.502 1264.5 249.346 94.0595 0.000315432
543.649 1266.61 214.394 63.135 0.000267399
550.357 1268.28 201.243 50.0659 0.000220373
557.577 1269.93 216.593 49.5639 0.000224331
565.325 1271.89 232.452 58.8722 0.000264307
573.572 1273.92 247.4 60.7914 0.000314609
582.25 1276.85 260.342 88.0664 0.000326445
592.309 1280.36 301.789 105.204 0.000377605
603.203 1284.83 326.82 134.214 0.000399925
614.665 1290.03 343.865 155.946 0.000426532
626.27 1296.16 348.132 183.716 0.000396081
637.65 1302.2 341.407 181.305 0.000410128
647.817 1308.1 305.018 176.968 0.000358154
658.056 1313.84 307.157 172.107 0.000361658
667.69 1319.48 289.017 169.311 0.000347152
677.518 1325.82 294.83 190.084 0.000360168
688.232 1333.01 321.449 215.82 0.000381076
700.249 1341.02 360.505 240.216 0.000437501
713.03 1351.07 383.415 301.64 0.000452708
726.49 1363.32 403.82 367.506 0.000485077
738.297 1376.24 354.204 387.433 0.00043981
750.355 1390.45 361.723 426.378 0.000489163
762.353 1406.1 359.939 469.616 0.000443815
773.676 1423.1 339.708 509.878 0.000422433
782.9 1439.48 276.698 491.551 0.000354903
790.139 1455.86 217.17 491.413 0.000283676
796.749 1470.5 198.305 439.043 0.000267446
803.137 1484.41 191.648 417.359 0.000265517
808.251 1497.12 153.409 381.273 0.000250173
813.356 1510.45 153.161 399.752 0.000240924
818.762 1524.35 162.169 417.043 0.000229996
824.788 1538.06 180.785 411.319 0.000260737
830.447 1551.46 169.772 402.133 0.00027118
836.411 1565.56 178.929 422.812 0.000259659
842.254 1579.1 175.294 406.366 0.000259153
847.911 1592.85 169.708 412.405 0.000242757
853.154 1605.93 157.288 392.389 0.00023038
858.25 1618.04 152.867 363.515 0.000230442
862.859 1629.6 138.283 346.616 0.000204565
867.262 1641.4 132.089 353.99 0.000189528
871.657 1652.99 131.863 347.616 0.000182385
875.704 1664.7 121.399 351.4 0.000168776
879.485 1676.15 113.435 343.566 0.000155731
882.923 1687.12 103.127 328.936 0.000130971
885.971 1696.23 91.4491 273.382 0.000104022
888.827 1703.63 85.6787 222.151 9.63424e-05
891.402 1709.57 77.2338 177.972 9.96648e-05
893.607 1715.81 66.164 187.294 0.000102654
895.917 1723.12 69.2844 219.359 0.000110665
899.109 1732.71 95.7826 287.824 0.000142743
902.508 1744.96 101.973 367.369 0.000175502
906.877 1759.25 131.057 428.615 0.000197998
911.817 1774.86 148.203 468.431 0.000205664
917.072 1791.21 157.641 490.32 0.000226952
922.051 1807.35 149.385 484.207 0.000212087
927.074 1821.84 150.673 434.903 0.000189118
931.423 1832.45 130.485 318.075 0.000188638
936.407 1842.85 149.522 312.102 0.000241521
941.439 1855.19 150.948 370.299 0.000224071
945.604 1867.52 124.946 369.717 0.000165693
949.695 1877.07 122.73 286.677 0.000160499
953.982 1885.75 128.624 260.281 0.000172468
957.642 1894.57 109.808 264.683 0.000183908
961.519 1904.81 116.309 307.237 0.000188708
965.91 1916.36 131.726 346.553 0.00020407
971.217 1929.65 159.192 398.58 0.000230413
976.716 1943.57 164.994 417.59 0.000257909
982.44 1958.2 171.697 438.905 0.000239288
988.383 1971.09 178.311 386.704 0.000225356
993.392 1981.85 150.257 322.919 0.000239053
997.793 1992.16 132.035 309.245 0.000178999
1002.3 2000.74 135.156 257.378 0.000188114
1006.07 2008.17 113.045 222.735 0.000173264
1009.98 2015.35 117.443 215.658 0.000161441
1013.45 2021.34 104.119 179.449 0.000164673
1017.59 2027.17 124.268 174.967 0.000188672
1022.45 2033.11 145.645 178.302 0.000241561
1028.15 2040.35 170.935 217.204 0.000287628
1034.9 2049.05 202.587 260.857 0.000322646
1042.42 2058.59 225.478 286.23 0.000355046
1050.23 2067.81 234.386 276.579 0.000364075
1058.29 2077.18 241.913 281.145 0.00039242
1065.52 2086.23 216.749 271.636 0.000328489
1071.81 2093.52 188.844 218.733 0.000288587
1076.85 2099.41 151.044 176.567 0.000231242
1081.24 2104.19 131.743 143.428 0.000180778
1084.59 2107.39 100.435 95.9208 0.00014768
1087.6 2110.2 90.4996 84.3663 0.000143589
1090.55 2113.32 88.3349 93.6512 0.000142376
1093.74 2117.12 95.7284 114.065 0.000154058
1097.03 2121.12 98.8586 120.009 0.000154044
1100.35 2125.28 99.3701 124.63 0.000159188
1103.91 2129.44 107.042 124.708 0.000165018
1107.59 2133.78 110.372 130.286 0.000168063
1111.34 2138.01 112.346 127.017 0.000174245
1115.18 2142.82 115.207 144.218 0.000178644
1119.27 2147.64 122.73 144.472 0.000175238
1122.44 2151.6 95.1404 118.995 0.000175193
1125.17 2156.09 81.9283 134.491 0.000140518
1128.19 2160.16 90.6633 122.147 0.000105794
1130.51 2162.43 69.4095 68.083 9.20403e-05
1132.1 2163.78 47.6967 40.6681 4.57752e-05
1133.2 2162.91 33.1268 -26.1248 5.10952e-05
1133.69 2162.95 14.7869 1.25934 0.000105613
1139.02 2167.66 159.902 141.304 0.000250701
1145.16 2172.62 183.989 148.617 0.000341007
1151.37 2177.61 186.284 149.943 0.000308824
1157.57 2181.66 186.143 121.449 0.000304893
1163.58 2183.62 180.24 58.7748 0.00029046
1169.32 2182.35 172.24 -38.2966 0.000317642
1174.83 2178.01 165.343 -130.142 0.000319552
1180.42 2169.97 167.557 -241.265 0.00034496
1186.68 2158.42 187.907 -346.219 0.000344968
1194.31 2142.87 228.814 -466.551 0.00040449
1202.05 2123.43 232.224 -583.153 0.000493596
1209.2 2102.31 214.674 -633.814 0.000529823
1215.83 2081.37 198.62 -628.043 0.000594867
1222.51 2064.59 200.66 -503.359 0.000561413
1224.94 2049.86 72.7083 -442.148 0.00049789
1221.44 2039.48 -104.961 -311.155 0.000120983
1223.72 2040.19 68.2974 21.033 -0.000197463
1224.69 2044.31 29.2193 123.85 -0.000295674
1222.42 2049.29 -68.0753 149.227 -0.000341268
1222.09 2053.47 -9.93152 125.32 -0.000197472
1223.1 2053.28 30.1985 -5.59801 2.43573e-07
1223.71 2049.41 18.4284 -116.19 5.66637e-05
1224.18 2043.91 14.1563 -164.914 0.000105568
1223.98 2036.88 -6.06007 -210.783 0.000115543
1224.78 2027.18 24.131 -291.122 0.000117398
1224.98 2014.64 5.83675 -376.218 0.00021042
1222.9 1998.94 -62.3357 -470.893 0.00027201
1218.98 1981.53 -117.486 -522.4 0.000275053
1212.31 1961.92 -200.265 -588.298 0.000238338
1208.74 1944.66 -107.192 -517.781 0.000276621
1202.14 1923.93 -197.856 -621.989 0.000144532
1198.86 1903.5 -98.4481 -612.628 0.000199265
1197.22 1881.23 -49.2025 -668.109 0.000173535
1197.15 1859.06 -2.21626 -665.265 0.000163964
1197.33 1835.04 5.58717 -720.581 0.000165098
1197.41 1809.36 2.25376 -770.4 0.000221489
1196.87 1784.27 -16.0309 -752.817 0.00017544
1195.14 1764.53 -51.9397 -591.919 1.37184e-06
1194.89 1741.28 -7.64718 -697.632 0.000173924
1195.77 1718.06 26.6525 -696.704 0.000233715
1195.82 1697.31 1.48303 -622.529 0.000124262
1197.5 1676.33 50.1382 -629.248 0.000163386
1198.9 1656.21 42.0138 -603.782 0.000129425
1200.57 1637.11 50.0909 -572.781 9.60929e-05
1202.1 1617.9 46.1448 -576.38 8.71627e-05
1204.04 1598.79 57.9591 -573.249 8.54512e-05
1206.29 1579.46 67.6642 -580.027 8.26991e-05
1209.36 1559.96 92.0974 -584.861 7.67493e-05
1213.26 1540.72 116.936 -577.262 3.84259e-05
1217.66 1522.6 131.899 -543.625 -1.81011e-05
1221.45 1503.8 113.756 -564.074 -1.42632e-05
1224.83 1484.5 101.528 -578.854 -3.0563e-06
1228.2 1465.23 101.009 -578.056 7.97477e-06
1231.93 1446.53 112.053 -561.203 3.81738e-05
1234.76 1428.48 84.7383 -541.374 6.72735e-06
1237.23 1410.8 74.0565 -530.293 -3.97161e-05
1239.85 1393.33 78.7277 -524.296 -8.38564e-05
1242.11 1376.31 67.7938 -510.463 -0.000171409
1243.73 1357.74 48.6388 -557.105 -0.000248401
1244.86 1337.22 33.9042 -615.791 -0.000264974
1246.35 1314.46 44.5897 -682.518 -0.000210177
1247.72 1291.84 41.1727 -678.827 -0.000232324
1252.5 1267.81 143.349 -720.834 -4.08657e-05
1253.25 1244.36 22.4015 -703.505 -0.000234291
1254.44 1222.64 35.9474 -651.475 -0.000283224
1255.6 1201.63 34.6939 -630.333 -0.000266927
1257.19 1181.31 47.8016 -609.613 -0.000195526
1257.91 1163.15 21.4952 -544.87 -0.000259719
1259.25 1146.05 40.0579 -513.03 -0.000204958
1260.51 1129.46 37.9599 -497.741 -0.000173003
1261.42 1113.91 27.1277 -466.551 -0.000159377
1262.45 1100 30.9122 -417.199 -0.000119141
1263.14 1087.67 20.9538 -369.727 -0.000155275
1264.36 1075.52 36.6037 -364.53 -0.000183143
1265.55 1062.07 35.5644 -403.704 -0.000203901
1267.13 1047.16 47.4272 -447.282 -0.000199886
1267.9 1030.7 23.0967 -493.666 -0.000230494
1268.46 1013.73 16.841 -509.172 -0.000254809
1269.41 996.348 28.3499 -521.429 -0.00021515
1269.03 979.733 -11.4681 -498.465 -0.000215845
1265.68 966.016 -100.385 -411.498 -0.00030807
1266.17 952.903 14.6387 -393.397 -0.000186369
1266.8 940.525 18.8461 -371.357 -0.00016786
1267.49 928.834 20.926 -350.712 -0.000153034
1268.01 918.098 15.4736 -322.085 -0.000143067
1268.77 908.061 22.8929 -301.108 -0.000153929
1269.5 897.658 21.8292 -312.098 -0.000133826
1270.21 888.347 21.2116 -279.318 -0.000109627
1270.88 880.727 20.1631 -228.611 -0.00016386
1271.76 872.088 26.3187 -259.16 -0.000175482
1272.84 862.649 32.4092 -283.165 -0.000181045
1273.96 853.36 33.7756 -278.685 -0.000244861
1275.81 844.086 55.4373 -278.208 -0.000304693
1278.69 836.234 86.3038 -235.566 -0.000408708
1283.26 830.697 137.346 -166.109 -0.000459368
1288.49 826.518 156.828 -125.383 -0.000519004
1295.66 822.571 214.954 -118.408 -0.000459188
1302.24 819.853 197.402 -81.513 -0.00052336
1310.28 818.202 241.192 -49.5579 -0.000527397
1318.71 816.877 252.884 -39.7273 -0.000579161
1327.85 815.252 274.292 -48.7633 -0.000607401
1335.87 810.661 240.517 -137.733 -0.000541993
1342.87 806.211 210.182 -133.484 -0.000579409
1349.84 802.115 209.119 -122.903 -0.000596722
1356.67 797.126 204.81 -149.663 -0.000581659
1363.03 792.187 190.784 -148.154 -0.000567832
1369.46 788.784 192.766 -102.106 -0.000619509
1376.3 785.945 205.446 -85.1608 -0.000619954
1383.58 783.115 218.307 -84.9104 -0.00063822
1390.84 779.976 217.809 -94.1636 -0.000600238
1397.65 776.906 204.382 -92.0939 -0.000617633
1404.47 773.437 204.38 -104.062 -0.000596369
1410.85 769.395 191.494 -121.285 -0.000558093
1416.69 765.408 175.088 -119.593 -0.000484222
1422.09 761.9 162.221 -105.231 -0.000477888
1427.25 758.878 154.753 -90.6721 -0.000447027
1431.78 755.768 135.84 -93.3035 -0.000425132
1435.71 752.697 118.007 -92.1185 -0.000433946
1439.46 749.4 112.346 -98.9091 -0.000446432
1443.88 746.431 132.806 -89.0851 -0.000434253
1448.14 743.509 127.622 -87.6665 -0.000456688
1452.79 739.969 139.514 -106.177 -0.000457004
1456.73 735.877 118.288 -122.767 -0.000392765
1459.82 732.361 92.5884 -105.478 -0.000341535
1462.21 728.965 71.8435 -101.889 -0.000316303
1464.59 726.248 71.4102 -81.5038 -0.000342313
1467.8 723.707 96.1273 -76.244 -0.000385281
1471.58 720.019 113.589 -110.621 -0.000379983
1474.32 715.522 82.0077 -134.906 -0.000355504
1477.24 712.343 87.7063 -95.3689 -0.000381261
1480.75 709.398 105.324 -88.3736 -0.00042587
1484.73 705.142 119.384 -127.681 -0.000507638
1489.39 699.257 139.762 -176.53 -0.000593289
1494.31 691.516 147.679 -232.246 -0.00062521
1499.1 683.201 143.58 -249.432 -0.000639331
1503.5 674.282 132.132 -267.569 -0.000667889
1507.7 664.375 125.782 -297.231 -0.000639019
1510.79 654.667 92.7435 -291.239 -0.000610045
1513.68 645.483 86.7971 -275.524 -0.000549749
1516.18 635.708 74.9752 -293.229 -0.000493562
1518.05 626.263 56.2389 -283.369 -0.000427414
1520.13 618.912 62.1683 -220.531 -0.000397723
1521.26 610.612 33.9046 -248.976 -0.000323892
1522.18 603.614 27.7683 -209.966 -0.000294037
1523.4 597.963 36.5239 -169.507 -0.000270496
1524.44 591.932 31.12 -180.926 -0.000254795
1525.65 586.791 36.3777 -154.243 -0.000253062
1527.56 582.461 57.2041 -129.894 -0.000236037
1529.63 577.453 62.2055 -150.26 -0.000220411
1533.02 572.395 101.544 -151.731 -0.000197269
1536.9 566.62 116.463 -173.246 -0.000167027
1540.98 560.688 122.59 -177.966 -0.000204403
1545.26 553.79 128.22 -206.937 -0.000245623
1550.34 545.974 152.559 -234.471 -0.000257492
1556.11 536.567 172.899 -282.221 -0.000269396
1561.85 526.523 172.419 -301.319 -0.000298076
1568.5 516.025 199.479 -314.95 -0.000294139
1576.1 504.652 227.985 -341.17 -0.000264393
1584.02 492.78 237.514 -356.175 -0.000251719
1591.97 480.445 238.398 -370.029 -0.000234133
1598.94 468.368 209.14 -362.335 -0.000262496
1606.71 456.891 233.271 -344.31 -0.000247939
1613.46 445.238 202.347 -349.579 -0.000276659
1621.12 434.083 229.788 -334.659 -0.000298263
1628.87 421.976 232.663 -363.212 -0.000262822
1635.99 409.483 213.389 -374.763 -0.00026092
1642.79 397.25 204.084 -367.017 -0.000218833
1648.89 385.617 183.103 -348.991 -0.000185558
1653.25 374.851 130.709 -322.96 -0.000112327
1653.61 365.968 10.9559 -266.499 -0.000215058
1656.99 356.037 101.16 -297.934 -0.000188018
1673.71 342.716 501.63 -399.625 0.000182967
1679.45 332.508 172.374 -306.226 -0.000231431
1685.54 321.871 182.632 -319.128 -0.000291075
1690.64 310.188 153.116 -350.488 -0.000425188
1697.6 296.493 208.596 -410.839 -0.00032134
1704.53 281.947 208 -436.401 -0.000321306
1712.17 267.395 229.037 -436.555 -0.0002012
1718.19 253.62 180.78 -413.242 -0.000126758
1723.17 242.686 149.32 -328.03 -0.000114987
1728.22 234.743 151.378 -238.283 -6.76846e-05
1732.77 228.568 136.729 -185.261 -3.68127e-05
1736.53 223.646 112.647 -147.655 2.54254e-05
1737.36 221.762 25.1094 -56.4972 -1.6294e-05
1737.62 221.411 7.59773 -10.5346 -8.09547e-06
1738.16 221.748 16.3635 10.1006 -5.01922e-05
1739.83 220.799 50.0946 -28.4723 -6.38493e-05
1742.23 218.484 71.9779 -69.4413 -8.79925e-05
1745.49 214.336 97.7269 -124.448 -0.000132952
1750.08 207.753 137.612 -197.501 -0.000147224
1755.76 199.824 170.573 -237.856 -0.000167959
1762.27 191.197 195.258 -258.815 -0.000191153
1769.39 182.012 213.481 -275.557 -0.000181599
1777.03 172.188 229.221 -294.701 -0.000142315
1784.91 162.905 236.347 -278.495 -9.07059e-05
1792.57 154.085 229.884 -264.619 -0.000108992
1800.16 144.855 227.769 -276.885 -0.000113812
1807.4 135.287 217.057 -287.053 -0.000104968
1814.48 126.208 212.448 -272.343 -0.000130329
1821.45 116.851 209.224 -280.718 -0.000169009
1829.07 106.522 228.503 -309.884 -0.000159136
1837.03 95.6026 238.74 -327.573 -0.000148708
1844.56 83.7334 226.025 -356.079 -0.000163873
1851.98 71.6064 222.519 -363.81 -0.000191239
1858.34 58.7596 190.821 -385.402 -0.000179025
1864.82 45.4324 194.428 -399.817 -0.00016255
1870.05 31.0763 156.736 -430.683 -0.000157442
1874.96 16.4822 147.325 -437.823 -0.000118065
1878.91 1.0266 118.529 -463.668 -7.70831e-05
1882.17 -15.8587 97.9833 -506.56 -2.12819e-05
1884.22 -33.2556 61.4979 -521.908 3.51907e-05
1885.68 -50.4559 43.5926 -516.007 8.37645e-05
1885.94 -65.7697 7.84954 -459.414 5.09938e-05
1885.65 -81.9462 -8.63757 -485.296 8.26168e-05
1884.91 -98.9775 -22.3205 -510.94 7.78857e-05
1884.97 -115.913 1.89863 -508.067 5.01894e-05
1885.73 -132.86 22.9601 -508.394 2.63036e-05
1886.57 -150.821 25.0137 -538.845 3.01855e-05
1887.35 -169.864 23.5763 -571.297 3.59952e-05
1888.55 -188.862 35.8988 -569.944 3.4474e-05
1889.53 -206.369 29.5092 -525.188 -9.21633e-06
1890.27 -224.938 21.9242 -557.093 2.79377e-05
1890.28 -243.789 0.36415 -565.532 -1.72844e-05
1890.48 -262.917 5.9598 -573.822 -4.11036e-05
1890.89 -282.679 12.3419 -592.872 -4.6515e-05
1891.34 -303.543 13.4716 -625.919 -3.66624e-05
1891.31 -324.629 -0.936135 -632.562 -9.10007e-05
1891.46 -345.839 4.66353 -636.322 -9.8152e-05
1891.44 -366.369 -0.573815 -615.903 -0.000122455
1892.3 -384.826 25.892 -553.686 -0.00017648
1893.4 -401.709 32.9796 -506.5 -0.000240869
1895.29 -418.54 56.7298 -504.933 -0.000263128
1897.63 -435.064 70.1665 -495.718 -0.000224467
1899.48 -451.331 55.429 -488.014 -0.000204259
1899.94 -466.223 13.8964 -446.77 -0.000181142
1897.83 -478.335 -63.5821 -363.352 -0.000317482
1901.05 -490.004 96.6982 -350.049 -0.000399826
1906.36 -497.387 159.492 -221.5 -0.000480336
1912.45 -503.086 182.494 -170.964 -0.000547133
1919.75 -507.183 219.168 -122.909 -0.000557985
1927.87 -510.356 243.434 -95.2047 -0.000576674
1935.67 -514.684 234.205 -129.831 -0.000481712
1941.19 -521.155 165.466 -194.14 -0.000355897
1944.47 -525.916 98.5089 -142.837 -0.000249569
1946.99 -527.522 75.383 -48.1833 -0.00020057
1949.01 -528.651 60.7166 -33.8463 -0.000185591
1950.38 -529.885 41.0232 -37.0286 -0.000237028
1952.49 -530.58 63.2517 -20.858 -0.000317524
1956.24 -533.501 112.712 -87.6308 -0.000311794
1957.81 -536.95 46.9699 -103.467 -0.000428955
1959.75 -540.521 58.3106 -107.125 -0.000518332
1962.08 -545.357 69.8535 -145.069 -0.00052276
1964.41 -550.351 69.8027 -149.844 -0.000513276
1967.04 -555.015 78.9057 -139.903 -0.000484425
1968.8 -559.499 52.846 -134.519 -0.000468229
1970.32 -563.86 45.6618 -130.84 -0.000448364
1971.47 -568.238 34.4158 -131.339 -0.00048408
1973.33 -572.397 55.8828 -124.753 -0.000496525
1975.05 -577.135 51.5018 -142.139 -0.000518331
1976.89 -582.03 55.2447 -146.85 -0.000533102
1978.7 -586.907 54.3779 -146.328 -0.000553339
1979.8 -592.907 32.7824 -180.005 -0.000556182
1980.48 -598.641 20.5518 -172.001 -0.000565935
1980.97 -603.526 14.7635 -146.562 -0.000588339
1981.38 -608.642 12.1274 -153.483 -0.000581536
1980.72 -613.338 -19.557 -140.863 -0.000567649
1980.77 -617.919 1.2939 -137.454 -0.000614352
1980.57 -622.695 -6.01453 -143.263 -0.000541406
1980.38 -627.414 -5.66746 -141.573 -0.000468003
1979.62 -631.278 -22.8821 -115.928 -0.0004168
1979.02 -634.305 -17.9682 -90.8117 -0.000378962
1978.7 -636.93 -9.38806 -78.7453 -0.000329228
1978.54 -639.125 -4.88697 -65.8498 -0.000296741
1978.77 -640.97 6.7986 -55.3456 -0.000270797
1978.83 -642.385 1.8821 -42.4372 -0.000286373
1978.84 -644.423 0.158736 -61.1653 -0.000323048
1978.54 -646.911 -8.95512 -74.6392 -0.00040695
1978.69 -650.181 4.71186 -98.0757 -0.000493629
1978.17 -654.438 -15.8802 -127.732 -0.000573456
1977.01 -659.868 -34.5169 -162.886 -0.000582791
1975.36 -665.033 -49.5136 -154.956 -0.00051533
1973.71 -667.722 -49.7288 -80.672 -0.000388385
1972.31 -668.732 -41.8106 -30.3033 -0.000343583
1971.62 -669.49 -20.8914 -22.7402 -0.0002984
1970.63 -670.344 -29.4991 -25.6213 -0.000273849
1969.59 -671.329 -31.2311 -29.5299 -0.000288317
1969.1 -672.57 -14.6555 -37.248 -0.000315247
1968.34 -673.746 -22.7829 -35.2868 -0.00036246
1967.42 -674.927 -27.8067 -35.4289 -0.000407081
1966.5 -676.744 -27.4767 -54.4883 -0.000417591
1965.37 -678.688 -34.0272 -58.3401 -0.000400182
1964.15 -680.138 -36.4055 -43.4765 -0.000362044
1963.03 -680.664 -33.6514 -15.7955 -0.000364378
1961.91 -680.428 -33.5167 7.07312 -0.000406302
1961.07 -679.381 -25.2472 31.4104 -0.000456898
1960.93 -678.37 -4.14743 30.3538 -0.000474995
1961.15 -677.185 6.37935 35.5313 -0.000467352
1961.4 -675.446 7.69971 52.1891 -0.000462202
1961.96 -673.163 16.575 68.4815 -0.000430909
1962.85 -670.669 26.8336 74.8253 -0.000391751
1963.84 -667.853 29.689 84.4755 -0.000368924
1964.88 -663.594 31.2188 127.754 -0.000401163
1966.26 -659.486 41.4008 123.261 -0.00042139
1967.48 -656.025 36.5083 103.816 -0.000432137
1968.66 -653.295 35.4482 81.915 -0.000422667
1969.59 -650.649 27.8079 79.364 -0.000412432
1970.45 -647.975 26.0381 80.2126 -0.000415365
1971.57 -645.139 33.3407 85.0986 -0.000399067
1973.34 -642.377 53.3479 82.8637 -0.000384636
1974.92 -639.788 47.1288 77.6579 -0.000374661
1976.31 -637.131 41.7172 79.7207 -0.000396207
1977.35 -634.795 31.2678 70.0707 -0.000426212
1977.94 -632.055 17.7262 82.204 -0.000474753
1978.83 -629.313 26.6752 82.2438 -0.000505358
1980.14 -626.382 39.2662 87.9268 -0.000536587
1981.34 -623.638 36.1659 82.3221 -0.000567923
1982.44 -620.475 32.8704 94.8984 -0.000618228
1983.74 -617.797 39.1208 80.3532 -0.00064087
1984.69 -615.472 28.3329 69.7301 -0.000650574
1985.23 -613.65 16.4088 54.6653 -0.000630624
1985.06 -612.154 -5.16091 44.8823 -0.000648383
1984.33 -611.116 -21.9069 31.1356 -0.00069528
1983.08 -610.595 -37.4199 15.6374 -0.000698935
1980.83 -610.938 -67.636 -10.2984 -0.000677508
1978.43 -611.254 -72.1149 -9.47747 -0.000660618
1975.87 -611.428 -76.6546 -5.20529 -0.000650003
1973.52 -611.185 -70.4557 7.2697 -0.000632978
1971.2 -611.204 -69.6028 -0.571543 -0.00059777
1968.66 -611.747 -76.3875 -16.2919 -0.000554471
1966.09 -612.589 -76.8685 -25.2443 -0.00049298
1963.56 -613.221 -76.0822 -18.9705 -0.00043715
1961.6 -613.75 -58.8697 -15.8598 -0.000390422
1960.04 -614.11 -46.6307 -10.7962 -0.00034448
1958.69 -614.093 -40.3757 0.510131 -0.000314324
1957.11 -614.24 -47.6469 -4.42215 -0.00031554
1955.77 -614.473 -40.1484 -6.99502 -0.000307935
1954.23 -614.965 -46.0653 -14.7406 -0.00030831
1952.94 -615.249 -38.7429 -8.53139 -0.00029169
1951.75 -615.197 -35.7689 1.55143 -0.000310395
1950.49 -615.14 -37.776 1.71779 -0.000356723
1948.82 -615.17 -50.0908 -0.903464 -0.00041713
1946.59 -615.25 -66.9449 -2.38273 -0.000492793
1944.14 -615.639 -73.3932 -11.6777 -0.000586514
1941.87 -616.684 -68.2388 -31.3439 -0.000663264
1939.12 -617.91 -82.4639 -36.7996 -0.000717521
1935.94 -618.987 -95.4119 -32.2893 -0.000734686
1932.56 -620.588 -101.432 -48.0516 -0.000696837
1929.38 -622.192 -95.466 -48.1155 -0.00060987
1926.98 -623.824 -71.8508 -48.9612 -0.000463176
1925.38 -624.984 -48.1393 -34.7802 -0.000309477
1925.24 -625.755 -3.98344 -23.1416 -0.000214921
1926.68 -626.004 43.2468 -7.47391 -0.000139766
1927.04 -626.47 10.5657 -13.9605 -0.000167165
1925.94 -626.947 -32.9911 -14.3319 -0.000209629
1924.49 -627.773 -43.2536 -24.7714 -0.000259318
1923.56 -628.615 -27.9918 -25.2754 -0.000305608
1923.46 -629.505 -3.17995 -26.6746 -0.000307009
1922.99 -630.756 -14.077 -37.537 -0.000318057
1922.5 -631.755 -14.5235 -29.9625 -0.000332056
1922.22 -633.022 -8.3901 -38.0294 -0.000327603
1921.82 -634.208 -12.1959 -35.5626 -0.000291637
1920.64 -635.122 -35.2392 -27.4374 -0.00025282
1919.56 -635.49 -32.4235 -11.0241 -0.000280835
1918.9 -636.204 -19.7844 -21.4272 -0.000370527
1917.24 -637.247 -49.8693 -31.2879 -0.000439992
1914.52 -638.271 -81.6934 -30.7145 -0.000496379
1911.66 -640.374 -85.6298 -63.1048 -0.000507037
1908 -642.109 -109.883 -52.0399 -0.000488679
1904.12 -643.251 -116.271 -34.2758 -0.000476704
1900.75 -644.809 -101.051 -46.7321 -0.000468359
1897.97 -646.605 -83.4328 -53.8691 -0.000488497
1894.85 -648.148 -93.819 -46.2942 -0.000534234
1890.6 -649.639 -127.502 -44.724 -0.0005999
1886.03 -651.816 -137.12 -65.3269 -0.000651584
1880.57 -654.599 -163.566 -83.4945 -0.000688266
1874.92 -657.818 -169.49 -96.5421 -0.000664907
1869.95 -661.207 -149.31 -101.687 -0.000602774
1865.42 -663.83 -135.848 -78.6878 -0.000532316
1861.97 -666.001 -103.456 -65.1264 -0.000446785
1858.74 -667.967 -96.8535 -58.9896 -0.000379959
1855.73 -669.363 -90.4192 -41.8666 -0.000339705
1852.62 -670.233 -93.235 -26.1099 -0.000360177
1849.36 -672.169 -97.8029 -58.0697 -0.000405809
1846.08 -674.3 -98.4771 -63.9274 -0.000434146
1842.36 -676.718 -111.55 -72.5626 -0.000472289
1837.53 -679.413 -144.767 -80.8298 -0.000489007
1832.98 -681.899 -136.625 -74.582 -0.000503895
1828.87 -684.819 -123.147 -87.6194 -0.000520768
1824.56 -687.874 -129.391 -91.6301 -0.000538333
1819.69 -690.791 -146.034 -87.5122 -0.000550701
1814.09 -694.151 -168.052 -100.79 -0.000574654
1808.08 -697.889 -180.461 -112.144 -0.000580066
1801.84 -701.404 -186.984 -105.466 -0.000568733
1795.61 -704.283 -186.868 -86.3632 -0.000558885
1790.44 -707.738 -155.11 -103.638 -0.000535848
1786.37 -711.169 -122.241 -102.929 -0.000478458
1783.66 -714.315 -81.2645 -94.4005 -0.000409944
1781.93 -717.519 -51.8372 -96.1213 -0.000352205
1780.22 -720.384 -51.4223 -85.9412 -0.000332931
1777.6 -723.079 -78.5024 -80.8455 -0.000360442
1775.16 -725.94 -73.3547 -85.8279 -0.000360413
1772.77 -728.97 -71.664 -90.9104 -0.000361815
1770.61 -732.074 -64.7516 -93.1043 -0.000333282
1768.08 -734.683 -76.0142 -78.2874 -0.000320607
1765.97 -737.181 -63.1102 -74.9455 -0.000302332
1764.24 -739.519 -51.9083 -70.1428 -0.000293791
1762.23 -741.906 -60.2258 -71.5843 -0.000301052
1759.89 -744.214 -70.4653 -69.2435 -0.000328031
1757.45 -747.087 -73.0522 -86.1909 -0.000332377
1754.8 -750.42 -79.5102 -100.002 -0.000288511
1752.77 -753.233 -60.8834 -84.3924 -0.000218147
1751.51 -755.197 -37.8859 -58.9151 -0.000105479
1750.65 -755.287 -25.7532 -2.71244 -4.39671e-05
1750.53 -755.221 -3.54526 1.98183 2.42169e-06
1750.68 -754.83 4.40134 11.7432 1.01717e-05
1750.72 -754.845 1.16657 -0.452797 7.42342e-07
1750.8 -754.89 2.53363 -1.35169 7.49556e-06
1750.58 -754.799 -6.51451 2.72345 -2.16214e-06
1750.53 -754.221 -1.61424 17.35 -2.65545e-05
1749.93 -754.378 -17.9081 -4.7203 -8.10273e-05
1749.32 -754.892 -18.5402 -15.4127 -0.00016464
1747.6 -756.374 -51.463 -44.4546 -0.00024373
1744.38 -758.452 -96.5711 -62.3568 -0.000359491
1740.65 -761.561 -111.875 -93.2655 -0.000400863
1737.21 -764.898 -103.396 -100.09 -0.000387298
1733.67 -767.919 -106.14 -90.6287 -0.000390394
1729.6 -770.812 -122.052 -86.8014 -0.000403919
1724.56 -772.997 -151.084 -65.5462 -0.000404329
1718.94 -774.54 -168.807 -46.2824 -0.000438251
1712.86 -776.202 -182.362 -49.8667 -0.000439555
1706.18 -776.839 -200.241 -19.1037 -0.000474318
1698.99 -777.78 -215.63 -28.2405 -0.000529301
1690.84 -779.222 -244.744 -43.2477 -0.00056817
1681.74 -780.567 -272.944 -40.3744 -0.000625279
1672.11 -781.987 -288.798 -42.5963 -0.000692097
1660.66 -783.595 -343.403 -48.2255 -0.000745507
1647.03 -784.204 -409.186 -18.2729 -0.000841426
1632.45 -784.91 -437.332 -21.1914 -0.000895981
1650.1 -778.244 529.465 199.998 0.00121748
1634.17 -778.82 -477.802 -17.2838 -0.000857098
1619.06 -779.267 -453.218 -13.4108 -0.000788684
1605.14 -779.687 -417.598 -12.6082 -0.000708706
1593.09 -779.803 -361.724 -3.476 -0.000638271
1582.06 -779.286 -330.701 15.5013 -0.000587595
1571.77 -778.643 -308.887 19.282 -0.000553975
1560.72 -778.068 -331.326 17.2728 -0.000570554
1550 -776.682 -321.736 41.562 -0.000551491
1539.98 -775.238 -300.427 43.3374 -0.000520948
1530.88 -774.252 -273.056 29.5842 -0.000452963
1523.17 -773.084 -231.217 35.0227 -0.000402996
1517.18 -772.596 -179.943 14.6336 -0.000314173
1512.7 -772.187 -134.223 12.2682 -0.000233777
1509.12 -771.41 -107.413 23.3208 -0.000179445
1505.99 -770.309 -93.9179 33.0317 -0.000196609
1502.36 -769.982 -108.862 9.82229 -0.000203041
1496.52 -768.451 -175.18 45.9177 -0.000296863
1489.46 -766.69 -211.731 52.8417 -0.000388139
1481.58 -765.919 -236.411 23.1333 -0.000433265
1472.15 -765.065 -283.154 25.5968 -0.000475238
1462.4 -763.374 -292.394 50.7389 -0.000512251
1452.33 -762.144 -302.203 36.9064 -0.000508619
1443.37 -761.162 -268.718 29.4578 -0.00046585
1436.22 -760.729 -214.503 12.9945 -0.000369058
1431.41 -760.487 -144.253 7.24277 -0.000247411
1430.17 -760.602 -37.0628 -3.43455 -5.60527e-05
1430.42 -760.214 7.44093 11.6487 2.52809e-05
1431.2 -759.928 23.4262 8.56318 3.22055e-05
1431.91 -760.414 21.0652 -14.5869 3.66575e-05
1432.29 -760.62 11.4864 -6.18584 3.8169e-05
1433.15 -760.608 25.9341 0.36191 4.39274e-05
1434.48 -760.496 39.8444 3.36861 4.67207e-05
1434.35 -760.093 -3.90923 12.0886 -4.41092e-05
1431.87 -760.437 -74.3975 -10.3071 -0.000159795
1426.94 -760.716 -147.813 -8.36382 -0.000237825
1421.49 -760.027 -163.633 20.6575 -0.000279016
1416.46 -760.009 -150.773 0.530292 -0.000276357
1412.03 -760.92 -133.045 -27.3224 -0.0001987
1409.26 -761.17 -83.0456 -7.49127 -0.000104742
1409 -760.802 -7.70395 11.0295 -1.186e-05
1410.04 -760.597 31.0745 6.14114 5.68742e-05
1411.35 -760.519 39.2596 2.34192 6.91254e-05
1413.14 -760.905 53.6145 -11.5572 0.000101415
1415.59 -760.649 73.7785 7.6696 0.000108322
1418.17 -761.888 77.3259 -37.166 0.000112669
1420.98 -763.068 84.2622 -35.4012 0.00015576
1425.57 -763.447 137.659 -11.387 0.000257312
1432.02 -763.148 193.629 8.97831 0.000338719
1438.49 -762.977 194.061 5.12342 0.000317845
1442.72 -762.246 126.871 21.9359 0.00018212
1443.05 -762.319 9.71415 -2.18967 8.77526e-06
1440.75 -762.703 -68.8533 -11.5264 -0.000124314
1437.89 -763.096 -85.8419 -11.7822 -0.000192218
1434.51 -764.473 -101.325 -41.2973 -0.000201041
1429.67 -766.325 -145.149 -55.5824 -0.000258301
1424.38 -765.374 -158.65 28.5529 -0.000384043
1418.98 -760.729 -162.178 139.337 -0.000539994
1415.66 -750.401 -99.697 309.857 -0.000633277
1414.18 -741.198 -44.1924 276.078 -0.000650242
1413.4 -733.145 -23.4141 241.597 -0.000616161
1414.18 -723.931 23.2771 276.424 -0.000583722
1416.93 -715.516 82.4414 252.452 -0.000506423
1419.13 -711.58 66.0697 118.063 -0.000443016
1418.12 -707.973 -30.1393 108.216 -0.000532752
1415.19 -699.191 -87.9994 263.459 -0.000716318
1412.72 -686.994 -74.124 365.913 -0.0008287
1411.67 -676.193 -31.392 324.013 -0.000781329
1410.81 -668.076 -25.7713 243.531 -0.00072252
1409.86 -659.368 -28.6223 261.237 -0.000674984
1409.79 -650.382 -2.10889 269.569 -0.000636898
1411.01 -641.926 36.7426 253.681 -0.000531969
1413.09 -634.605 62.1394 219.638 -0.000409948
1414.39 -629.157 39.1192 163.436 -0.000295248
1415.15 -623.748 22.7751 162.277 -0.000234483
1415.88 -619.04 21.898 141.23 -0.000172122
1416.49 -615.08 18.4438 118.795 -0.000134196
1417.3 -611.28 24.3259 114.013 -0.000134622
1418.37 -608.137 31.8558 94.287 -0.000124008
1418.69 -605.154 9.76469 89.4806 -0.000141033
1418.56 -602.574 -3.84714 77.4071 -0.000162171
1419 -598.394 13.0067 125.407 -0.000209786
1420.07 -592.522 32.1284 176.146 -0.000279919
1419.93 -583.504 -4.27129 270.562 -0.000440186
1418.55 -567.878 -41.194 468.779 -0.000685643
1415.99 -543.992 -76.769 716.559 -0.00101497
1412.94 -513.999 -91.6578 899.797 -0.0012854
1411.04 -482.861 -56.819 934.154 -0.00133159
1407.23 -450.381 -114.463 974.396 -0.00144386
1404.41 -422.083 -84.5566 848.93 -0.00123745
1402.44 -400.37 -59.0442 651.403 -0.000948476
1400.02 -384.087 -72.7674 488.467 -0.000739306
1397.39 -372.808 -78.9098 338.383 -0.000521068
1394.82 -366.856 -76.8979 178.556 -0.000312799
1392.36 -364.812 -73.819 61.3218 -0.000147742
1389.83 -364.652 -76.0111 4.79182 -7.72311e-05
1387.7 -364.192 -63.9517 13.8136 -8.14945e-05
1385.65 -361.572 -61.3854 78.5837 -0.00013434
1384.8 -356.654 -25.6748 147.544 -0.000169475
1384.01 -352.08 -23.6079 137.236 -0.000191159
1383.34 -346.749 -20.0332 159.932 -0.000198032
1382.62 -342.825 -21.5335 117.725 -0.000172069
1381.5 -339.029 -33.6367 113.861 -0.000168533
1379.26 -333.937 -67.1923 152.764 -0.000242612
1375.75 -326.127 -105.411 234.306 -0.000354309
1371.79 -313.869 -118.877 367.739 -0.000505795
1367.08 -300.701 -141.302 395.033 -0.000548321
1360.72 -289.608 -190.752 332.779 -0.000537955
1353.42 -280.16 -219.029 283.45 -0.000480998
1346.15 -272.562 -217.928 227.927 -0.000391313
1340.38 -266.81 -173.257 172.57 -0.000295979
1336.39 -263.219 -119.467 107.725 -0.000195567
1333.68 -262.295 -81.4335 27.7171 -0.000105675
1332.26 -261.342 -42.7072 28.6044 -7.07431e-05
1331.2 -260.265 -31.7923 32.3021 -5.62449e-05
1329.4 -257.736 -53.9488 75.8826 -0.000120885
1327.59 -253.276 -54.2264 133.802 -0.000177906
1327.38 -248.201 -6.37379 152.238 -0.000151627
1328.52 -243.637 34.1767 136.936 -0.000131158
1329.12 -238.025 17.9724 168.353 -0.000160268
1328.33 -227.484 -23.5431 316.236 -0.000249718
1327.39 -215.865 -28.2436 348.567 -0.000263591
1325.03 -207.785 -70.7879 242.377 -0.000251177
1321.92 -200.581 -93.4506 216.124 -0.000269996
1319.04 -195.256 -86.3739 159.768 -0.000204049
1315.73 -190.868 -99.3438 131.64 -0.000160205
1311.93 -187.449 -113.723 102.566 -0.000128736
1306.81 -184.271 -153.873 95.3503 -0.000136191
1302.59 -180.313 -126.341 118.718 -0.000132038
1299.73 -177.801 -85.8982 75.3623 -9.34349e-05
1297.3 -176.39 -72.8991 42.3269 -6.16783e-05
1295.58 -175.486 -51.6185 27.1285 -4.63692e-05
1295.26 -174.882 -9.59702 18.1314 -2.75265e-05
1295.73 -175.013 14.0885 -3.95601 7.66259e-06
1295.8 -175.327 2.09834 -9.40352 8.05953e-06
1295.12 -175.33 -20.3485 -0.100521 -2.21712e-05
1293.69 -172.432 -42.8912 86.9545 -0.000162301
1292.3 -165.07 -41.6689 220.841 -0.000305644
1288.96 -153.751 -100.361 339.577 -0.000438793
1284.5 -140.722 -133.855 390.873 -0.00045875
1278.15 -128.181 -190.341 376.223 -0.000465595
1271.51 -116.065 -199.353 363.48 -0.000488586
1265.89 -104.474 -168.363 347.73 -0.000507958
1259.31 -91.7867 -197.568 380.629 -0.000640697
1255.32 -77.4287 -119.608 430.741 -0.000756468
1249.31 -63.7121 -180.2 411.499 -0.000745989
1242 -49.3287 -219.394 431.502 -0.000773852
1238.79 -35.8583 -96.3296 404.111 -0.000676594
1234.46 -27.5747 -129.799 248.509 -0.000603923
1232.03 -18.1273 -73.133 283.423 -0.000603801
1230.92 -7.82538 -33.2582 309.056 -0.000619088
1230.97 6.2697 1.53332 422.853 -0.000661851
1230.9 23.0028 -2.1752 501.994 -0.000758523
1231.6 38.6342 21.2516 468.94 -0.00073234
1231.14 52.5095 -13.9148 416.261 -0.00075578
1231.25 66.4342 3.2596 417.74 -0.000762609
1231.04 80.7477 -6.26278 429.405 -0.000787573
1229.86 94.1496 -35.4302 402.057 -0.000768697
1228.27 106.226 -47.5354 362.3 -0.000742289
1225.49 117.057 -83.6137 324.918 -0.000678677
1222.63 127.654 -85.6563 317.92 -0.000668642
1219.93 138.049 -81.0625 311.853 -0.000724764
1217.58 151.269 -70.52 396.591 -0.000810536
1217.17 171.539 -12.3369 608.103 -0.00108885
1218.77 195.498 48.1484 718.756 -0.00116633
1221.4 217.799 78.9337 669.032 -0.00104566
1223.59 235.348 65.6527 526.466 -0.000812311
1223.99 246.483 11.8254 334.072 -0.000579526
1222.82 252.493 -34.9787 180.279 -0.000402971
1221.67 256.605 -34.4937 123.358 -0.00029047
1221.04 257.849 -18.957 37.3309 -0.00019788
1220.97 259.002 -1.93932 34.5989 -0.00018976
1221.48 260.982 15.1885 59.3894 -0.000220208
1222.47 268.626 29.7587 229.313 -0.000390584
1226.43 279.579 118.678 328.597 -0.000539289
1232.7 292.412 188.137 385.005 -0.000630241
1237.98 303.472 158.32 331.795 -0.000461452
1239.84 314.112 55.7914 319.192 -0.000352663
1242.08 320.455 67.2256 190.293 -0.000303879
1244.65 324.987 77.2292 135.974 -0.000264705
1247.15 329.502 74.7901 135.424 -0.000231354
1248.36 333.719 36.335 126.536 -0.000145529
1248.34 335.359 -0.470555 49.1935 -7.78416e-05
1248.13 337.987 -6.42727 78.8219 -9.4166e-05
1248.75 343.808 18.5869 174.632 -0.000149559
1252.21 349.423 103.979 168.447 -0.000151307
1254.72 351.289 75.3506 55.9831 -9.42731e-05
1255.44 353 21.4198 51.3369 -8.33906e-05
1256.16 355.84 21.5734 85.2069 -0.000168027
1258.91 360.488 82.7349 139.434 -0.000279017
1261.32 368.593 72.0369 243.155 -0.000379091
1263.06 378.629 52.4371 301.082 -0.00041586
1266.48 387.684 102.496 271.634 -0.000457094
1269.1 394.995 78.61 219.328 -0.000394392
1271.86 401.091 82.662 182.878 -0.000361345
1272.65 405.594 23.7518 135.109 -0.000327787
1273.15 410.113 15.1466 135.578 -0.000361144
1270.56 413.588 -77.9309 104.244 -0.000413022
1267.29 417.99 -97.8285 132.049 -0.000384348
1262.86 417.544 -133.002 -13.3608 -0.000196084
1257.1 412.55 -172.796 -149.828 -6.81004e-06
1250.31 405.786 -203.794 -202.916 7.10063e-05
1244.12 399.012 -185.572 -203.236 0.000151718
1240.03 392.868 -122.864 -184.31 0.000159958
1238.01 387.441 -60.619 -162.819 0.000164297
1238.28 383.068 8.15531 -131.171 0.00021051
1240.24 377.896 58.8667 -155.166 0.000361476
1242.79 369.723 76.3998 -245.208 0.000591807
1244.83 357.855 61.216 -356.03 0.000764796
1245.83 344.85 30.0921 -390.16 0.000864487
1246.64 331.703 24.2365 -394.41 0.000950388
1246.64 317.817 0.156349 -416.556 0.000954904
1244.45 301.921 -65.8592 -476.901 0.000984266
1239.97 285.861 -134.438 -481.79 0.000856003
1236.44 269.56 -105.679 -489.029 0.000814759
1232.86 251.274 -107.489 -548.59 0.000745212
1227.87 230.776 -149.681 -614.946 0.000716974
1220.89 210.749 -209.597 -600.794 0.000554254
1214.09 192.423 -203.776 -549.785 0.000408958
1208.28 178.14 -174.277 -428.497 0.000241625
1204.09 167.104 -125.817 -331.082 0.000133996
1201.64 158.188 -73.4329 -267.479 0.000122129
1199.57 149.915 -62.2451 -248.194 0.000220652
1197.39 142.354 -65.4301 -226.811 0.000262928
1194.8 134.444 -77.5544 -237.311 0.000300125
1190.53 125.752 -127.998 -260.767 0.000361547
1185.73 116.411 -144.029 -280.222 0.000397155
1180.88 105.487 -145.58 -327.704 0.000423206
1175.94 93.3901 -148.208 -362.92 0.000444373
1171.62 81.8632 -129.514 -345.808 0.000383193
1168.06 71.3142 -106.89 -316.47 0.0003504
1165.88 62.4981 -65.4287 -264.483 0.000282998
1165.29 55.0395 -17.7968 -223.759 0.000192595
1167.43 50.2623 64.19 -143.315 0.000121645
1172.09 46.1073 140.062 -124.649 0.00017645
1177.09 39.651 149.84 -193.69 0.000332289
1181.13 29.6204 121.219 -300.916 0.000524182
1184.48 16.4982 100.461 -393.667 0.000657055
1189.24 1.19411 142.896 -459.122 0.000757828
1194.64 -16.419 161.895 -528.394 0.0009017
1197.5 -35.9095 85.8961 -584.714 0.000950234
1197.59 -52.795 2.80327 -506.565 0.000700467
1197.1 -66.2566 -14.7527 -403.849 0.000519804
1199.05 -79.9591 58.3901 -411.076 0.000591261
1206.13 -100.324 212.496 -610.956 0.000846063
1214.24 -124.253 243.289 -717.86 0.00098157
1219.7 -143.886 163.823 -588.995 0.000870028
1225.55 -160.483 175.377 -497.892 0.000850833
1230.8 -178.256 157.503 -533.197 0.000840499
1235.2 -199.238 131.982 -629.479 0.00090994
1237.26 -218.167 61.8334 -567.854 0.000812615
1238.13 -232.09 25.9682 -417.701 0.0006449
1238.98 -241.423 25.5336 -279.975 0.000513938
1240.33 -248.534 40.5379 -213.329 0.000409858
1241.97 -254.198 49.2863 -169.935 0.000346744
1244 -258.508 60.7684 -129.294 0.000306242
1246.51 -263.536 75.4868 -150.841 0.00035115
1249.61 -271.109 92.8696 -227.18 0.000458352
1253.73 -281.79 123.716 -320.442 0.000624549
1259 -296.222 157.969 -432.967 0.000787646
1264.11 -310.97 153.504 -442.415 0.000872837
1269.76 -324.216 169.415 -397.396 0.000899525
1275.23 -336.819 164.178 -378.074 0.00090778
1280.17 -348.004 148.221 -335.574 0.000886507
1285.01 -359.512 144.945 -345.236 0.000930357
1289.51 -372.595 135.209 -392.491 0.000979523
1295.98 -388.725 194.034 -483.898 0.00106639
1302.67 -409.443 200.758 -621.525 0.00113263
1309.74 -431.117 212.118 -650.232 0.00114471
1317.38 -451.362 229.139 -607.333 0.00113418
1326.14 -471.215 262.67 -595.597 0.00109842
1334.43 -491.136 248.77 -597.627 0.00111149
1341.31 -509.329 206.295 -545.802 0.000995305
1348.23 -525.874 207.749 -496.336 0.000919274
1354.64 -538.285 192.407 -372.354 0.000783443
1360.34 -547.913 170.959 -288.84 0.000659206
1365.66 -554.968 159.628 -211.639 0.000538987
1370.94 -560.963 158.401 -179.848 0.00046206
1375.77 -566.027 144.833 -151.918 0.000390454
1380.28 -570.307 135.311 -128.411 0.000344643
1384.47 -573.749 125.785 -103.241 0.000308919
1388.21 -576.497 112.124 -82.4441 0.000269075
1392.01 -578.007 113.877 -45.2965 0.000242324
1396.35 -579.433 130.148 -42.7815 0.000273012
1401.78 -582.68 162.9 -97.4226 0.000370261
1408.36 -587.98 197.472 -158.987 0.000476863
1416.27 -594.11 237.458 -183.909 0.000545701
1425.3 -600.758 270.834 -199.43 0.000551983
1434.04 -606.72 262.273 -178.885 0.000498212
1442.7 -612.631 259.767 -177.309 0.000498732
1450.79 -618.109 242.715 -164.339 0.000513384
1458.94 -623.014 244.494 -147.159 0.00053388
1467.31 -627.271 250.987 -127.725 0.000559174
1476.42 -632.289 273.354 -150.526 0.000599616
1486.41 -637.938 299.522 -169.484 0.00063927
1497.2 -644.716 323.704 -203.339 0.000651965
1508.41 -652.687 336.286 -239.103 0.000646164
1520.91 -661.636 375.257 -268.479 0.000663611
1535.92 -671.412 450.326 -293.289 0.000781946
1553.5 -682.397 527.332 -329.542 0.000914679
1573.25 -694.019 592.457 -348.661 0.00103373
1594.57 -705.85 639.643 -354.92 0.0010848
1615.8 -716.439 636.852 -317.68 0.00106591
1635.06 -724.678 577.913 -247.179 0.00100664
1650.7 -730.124 469.154 -163.381 0.000839242
1663.63 -733.822 387.71 -110.922 0.000711778
1674.82 -736.217 335.863 -71.8652 0.000557224
1684.11 -740.146 278.71 -117.854 0.00048078
1691.23 -743.045 213.506 -86.9788 0.000442637
1697.21 -744.132 179.35 -32.6027 0.000376528
1706.75 -747.085 286.336 -88.6077 0.000526115
1717.88 -750.26 333.775 -95.2477 0.000599074
1726.73 -749.316 265.514 28.3223 0.000332687
1740.23 -753.726 405.009 -132.285 0.00073026
1753.29 -757.595 391.781 -116.093 0.000718917
1766.05 -761.324 382.854 -111.862 0.000696282
1777.67 -764.518 348.692 -95.804 0.000638822
1788.68 -767.402 330.241 -86.528 0.000620007
1799.77 -770.638 332.702 -97.0789 0.000613602
1811.42 -774.007 349.457 -101.061 0.000637566
1823.1 -777.498 350.482 -104.752 0.000640928
1834.88 -780.89 353.267 -101.74 0.000650375
1847.01 -784.801 363.925 -117.354 0.000663453
1859.41 -789.13 371.911 -129.847 0.000703751
1872.62 -792.869 396.493 -112.176 0.000749725
1887.77 -796.839 454.375 -119.099 0.000853193
1904.17 -800.356 492.095 -105.525 0.000936182
1921.53 -803.068 520.886 -81.3529 0.000961862
1937.58 -806.019 481.327 -88.52 0.00085817
1951.57 -809.398 419.825 -101.389 0.00080246
1964.81 -811.128 397.215 -51.9027 0.000755964
1977.41 -811.895 377.822 -23.0004 0.000723994
1989.1 -812.216 350.661 -9.62283 0.000670159
2000.33 -812.461 337.168 -7.34327 0.000655798
2011.18 -812.5 325.397 -1.17233 0.000643318
2022.93 -812.559 352.46 -1.77479 0.00062559
2035.26 -815.322 369.986 -82.9014 0.000718189
2048.3 -816.047 391.168 -21.7543 0.00079368
2063.1 -816.924 443.885 -26.2836 0.000798789
2078.11 -819.65 450.353 -81.7821 0.000834006
2093.53 -823.308 462.668 -109.756 0.000839219
2108.96 -827.754 462.877 -133.365 0.000851869
2124.58 -832.146 468.518 -131.785 0.000869289
2140.5 -835.949 477.783 -114.086 0.00089339
2155.83 -839.481 459.61 -105.95 0.000860741
2171.11 -843.237 458.558 -112.67 0.000867956
2185.64 -846.505 435.948 -98.0515 0.000833454
2199.5 -849.178 415.781 -80.1944 0.00080524
2212.36 -851.423 385.642 -67.3563 0.000751127
2224.68 -853.016 369.647 -47.7719 0.000743828
2236.23 -854.059 346.619 -31.3068 0.000696408
2246.87 -854.193 319.129 -4.00059 0.000670917
2256.77 -853.539 297 19.6213 0.000656596
2265.33 -851.66 256.933 56.362 0.00065751
2273.05 -848.578 231.606 92.4576 0.00063788
2280.64 -845.316 227.546 97.8653 0.000601845
2287.65 -842.314 210.464 90.0623 0.000523397
2294.51 -840.457 205.711 55.7044 0.000440795
2300.23 -840.197 171.708 7.78652 0.000421531
2305.16 -837.967 147.805 66.9231 0.000405533
2311.65 -835.669 194.601 68.9446 0.000400141
2319.62 -834.765 239.109 27.1119 0.000507627
2326.66 -832.551 211.145 66.4028 0.000598922
2332.65 -829.379 179.744 95.166 0.000630952
2338.44 -826.726 173.792 79.5822 0.000634861
2344.39 -824.568 178.45 64.7632 0.000679349
2349.38 -822.079 149.593 74.659 0.000717921
2353.71 -819.213 129.92 85.9893 0.000741165
2356.57 -816.587 85.8703 78.7818 0.000790732
2358 -813.338 42.9335 97.4666 0.000766771
2358.34 -810.465 10.2705 86.1909 0.000752866
2357.59 -807.85 -22.6655 78.442 0.000732651
2355.12 -805.038 -74.06 84.3605 0.000700206
2351.46 -802.966 -109.811 62.1547 0.000605593
2348.47 -801.819 -89.7242 34.4185 0.000583187
2345.35 -800.452 -93.5679 41.0195 0.000566879
2344.1 -800.047 -37.5499 12.1435 0.000556657
2341.93 -798.733 -65.0895 39.4228 0.000463761
2339.9 -797.248 -60.8081 44.5269 0.00043954
2339.53 -796.948 -10.9874 9.0199 0.000355573
2339.86 -797.498 9.65836 -16.4969 0.00026463
2339.55 -798.512 -9.13695 -30.4411 0.000225704
2339.68 -799.255 3.78644 -22.2762 0.000277916
2341.31 -800.131 48.9692 -26.2857 0.000326433
2344.25 -802.476 88.1039 -70.3582 0.00040621
2348.43 -805.031 125.426 -76.6245 0.00059258
2354.74 -809.686 189.242 -139.662 0.000754061
2362.96 -815.243 246.681 -166.699 0.000850322
2371.54 -821.344 257.563 -183.036 0.000859791
2380.08 -828.488 255.966 -214.339 0.000818812
2388.55 -836.226 254.121 -232.14 0.000841122
2395.96 -843.423 222.328 -215.893 0.000854864
2405.15 -850.385 275.718 -208.87 0.000955944
2414.46 -858.693 279.492 -249.245 0.00104896
2423.5 -865.505 270.956 -204.356 0.0010807
2432.76 -871.215 278.049 -171.292 0.00103456
2442.43 -877.097 290.022 -176.46 0.000988929
2451.3 -883.181 265.911 -182.51 0.000978869
2459.98 -889.046 260.593 -175.974 0.000971676
2468.38 -895.094 251.97 -181.42 0.00101182
2475.89 -899.709 225.145 -138.459 0.00103149
2483.4 -902.52 225.533 -84.3299 0.000993871
2491.4 -904.214 240.016 -50.8102 0.000897646
2496.73 -904.926 159.895 -21.3536 0.000779828
2500.57 -904.93 115.156 -0.134381 0.000600525
2503.95 -904.437 101.466 14.78 0.000533596
2506.6 -904.526 79.4076 -2.65749 0.000525141
2508.64 -903.799 61.0335 21.7981 0.000500785
2510.6 -902.46 58.8231 40.1673 0.000478653
2512.63 -901.232 61.1292 36.8416 0.000493373
2514.04 -900.103 42.2443 33.8782 0.000482435
2515.56 -899.67 45.5769 12.9963 0.000480922
2516.29 -899.842 21.7008 -5.16478 0.000492821
2516.3 -899.743 0.463471 2.96532 0.000436628
2517.18 -899.733 26.2797 0.309067 0.000420665
2518.27 -899.424 32.6866 9.25508 0.000431769
2518.56 -899.452 8.88491 -0.819631 0.00045158
2518.98 -899.133 12.6284 9.5496 0.000506455
2519.43 -898.459 13.4493 20.2329 0.000567717
2520.07 -897.716 19.0701 22.2815 0.000605429
2520.58 -897.026 15.4192 20.715 0.000629793
2521.27 -895.731 20.5102 38.8329 0.000654539
2521.91 -894.541 19.2375 35.6982 0.000691571
2522.12 -892.98 6.37319 46.8293 0.000677372
2522.87 -891.032 22.6133 58.4416 0.000702006
2523.67 -889.492 24.041 46.2118 0.000724383
2523.98 -887.974 9.21361 45.5533 0.000756416
2523.8 -886.094 -5.35928 56.3755 0.000794611
2523.4 -884.253 -12.0485 55.2274 0.000846911
2522.7 -882.098 -20.9108 64.6647 0.000854388
2521.35 -878.871 -40.7399 96.8022 0.000893787
2519.66 -874.911 -50.7196 118.795 0.0008405
2517.93 -871.308 -51.8728 108.101 0.000806641
2516.08 -867.834 -55.46 104.211 0.000736051
2514.1 -864.348 -59.2813 104.587 0.000682836
2512.1 -861.606 -59.8991 82.2722 0.000646753
2510.25 -859.074 -55.6885 75.956 0.000596272
2507.91 -856.055 -70.0546 90.5498 0.000530053
2506.31 -853.627 -48.2208 72.8396 0.000482915
2505.09 -852.298 -36.5065 39.8731 0.000490904
2503.78 -850.766 -39.3409 45.9761 0.000456098
2502.32 -849.033 -43.8347 51.9926 0.000449643
2499.75 -848.207 -76.9011 24.7817 0.000452658
2496.99 -847.455 -82.8642 22.5641 0.000465107
2494.69 -845.342 -68.9234 63.382 0.000529823
2492.2 -842.611 -74.8821 81.9173 0.000555735
2489.66 -840.836 -76.0164 53.247 0.000551823
2487.43 -838.515 -67.0188 69.626 0.000525288
2485.18 -836.12 -67.6041 71.8556 0.000540851
2482.57 -834.502 -78.1557 48.5367 0.000532399
2480.38 -832.212 -65.6499 68.7135 0.000511733
2478.08 -830.56 -68.9994 49.5724 0.000533017
2475.53 -828.456 -76.5742 63.0967 0.000524152
2473.18 -825.981 -70.5664 74.2681 0.000503591
2470.09 -824.128 -92.7404 55.5776 0.000491307
2466.36 -822.764 -111.814 40.917 0.000492344
2462.99 -820.686 -101.136 62.3499 0.000505658
2460.17 -818.167 -84.5491 75.574 0.000518214
2457.8 -815.283 -71.0543 86.5239 0.000483054
2455.41 -811.938 -71.8614 100.34 0.000439727
2452.78 -809.191 -78.7235 82.42 0.000478446
2450.31 -806.921 -74.0538 68.089 0.000573063
2447.21 -803.807 -93.0433 93.4262 0.000632024
2444.53 -798.88 -80.4305 147.789 0.000656768
2442.17 -793.937 -70.6887 148.318 0.000710437
2439.15 -788.528 -90.8131 162.243 0.000728745
2436 -783.02 -94.2998 165.251 0.000764528
2431.83 -777.816 -125.312 156.114 0.000796164
2425.18 -775.018 -199.274 83.9597 0.0008236
2415.98 -773.87 -276.236 34.4371 0.000773357
2406.98 -772.707 -269.828 34.8837 0.000571485
2401.51 -772.678 -164.07 0.880212 0.000536652
2396.34 -772.354 -155.161 9.71102 0.000439436
2392.27 -771.453 -122.247 27.0239 0.000346694
2389.75 -770.283 -75.388 35.0917 0.000258278
2387.49 -769.218 -67.9321 31.9538 0.000233387
2385.46 -768.694 -60.7907 15.7341 0.000225331
2383.39 -768.494 -62.0653 5.99257 0.000232849
2381.09 -768.58 -69.2675 -2.57956 0.000260809
2377.8 -768.797 -98.5725 -6.50644 0.000330734
2373.85 -768.509 -118.482 8.62902 0.000401846
2369.27 -767.478 -137.3 30.9388 0.000452204
2364.31 -766.532 -148.927 28.3714 0.000495059
2358.54 -766.166 -173.086 10.9966 0.000554246
2352.02 -765.773 -195.675 11.7678 0.000575706
2345.11 -765.348 -207.221 12.7485 0.00054952
2339.23 -764.237 -176.298 33.338 0.000452062
2334.27 -763.781 -148.886 13.6714 0.00040079
2329.17 -764.292 -152.899 -15.3099 0.000404164
2323.62 -765.085 -166.723 -23.7948 0.000377945
2318.79 -766.447 -144.725 -40.8597 0.000366967
2313.43 -768.515 -160.779 -62.0553 0.000400331
2307.35 -770.899 -182.599 -71.4909 0.000409997
2301.68 -772.584 -169.88 -50.5549 0.000415284
2296.81 -773.445 -146.22 -25.841 0.000386182
2291.85 -774.946 -148.751 -45.043 0.00038786
2286.63 -776.83 -156.712 -56.5141 0.000402048
2280.85 -778.421 -173.423 -47.7306 0.00041722
2275.19 -778.579 -169.741 -4.73876 0.0004064
2270.31 -777.797 -146.405 23.482 0.000397987
2266.95 -775.989 -100.822 54.2173 0.000427316
2262.81 -774.207 -124.042 53.4586 0.000504614
2257.22 -771.994 -167.688 66.4129 0.000554634
2250.81 -770.691 -192.491 39.0817 0.000614059
2243.92 -769.261 -206.583 42.9007 0.000655979
2235.94 -767.62 -239.465 49.2289 0.000699997
2226.62 -766.598 -279.481 30.6443 0.000666526
2216.49 -765.461 -303.982 34.1322 0.00055507
2208.83 -763.42 -229.919 61.2238 0.000465616
2203.28 -761.259 -166.409 64.8358 0.000425038
2198.23 -759.288 -151.319 59.1299 0.000366647
2193.34 -758.193 -146.81 32.8464 0.00036745
2187.58 -757.257 -172.728 28.0785 0.00033315
2181.9 -755.935 -170.592 39.6696 0.000307468
2176.6 -754.915 -158.78 30.5894 0.000290325
2171.04 -754.71 -166.93 6.15938 0.000299228
2165.37 -754.681 -169.97 0.843815 0.000299884
2159.6 -754.79 -173.361 -3.26511 0.000316181
2153.21 -754.921 -191.692 -3.92286 0.00032718
2146.06 -755.173 -214.479 -7.56105 0.000314915
2138.33 -755.727 -231.802 -16.6063 0.000294791
2129.28 -756.856 -271.469 -33.8824 0.000296304
2118.67 -758.804 -318.432 -58.4443 0.000325435
2106.41 -760.516 -367.777 -51.3569 0.00036853
2093.65 -761.145 -382.789 -18.8563 0.000332026
2082.86 -761.457 -323.68 -9.38129 0.000332432
2072.12 -762.044 -322.236 -17.6055 0.000357802
2060.12 -762.977 -359.874 -27.9934 0.000368799
2048.06 -763.519 -361.886 -16.2485 0.000334487
2036.63 -764.399 -342.752 -26.4132 0.000327395
2025.1 -765.559 -345.987 -34.8015 0.000322622
2013.56 -766.767 -346.134 -36.2255 0.000307284
2002.75 -767.999 -324.27 -36.9679 0.000296679
1991.8 -769.29 -328.691 -38.7252 0.000298515
1980.73 -770.571 -332.034 -38.4212 0.000302152
1969.54 -772.232 -335.603 -49.8429 0.000323577
1957.54 -773.835 -360.199 -48.0856 0.000326251
1944.76 -775.254 -383.276 -42.5811 0.000277843
1931.93 -776.296 -385.02 -31.2641 0.000172354
1920.16 -777.302 -352.895 -30.167 0.000144336
1910.33 -778.203 -294.945 -27.0365 0.000170914
1899.99 -780.334 -310.202 -63.9194 0.000205538
1888.01 -782.94 -359.407 -78.1704 0.000244013
1874.11 -785.683 -417.115 -82.2908 0.000273769
1859.64 -787.51 -434 -54.8165 0.000241274
1845.82 -788.799 -414.698 -38.679 0.000160836
1834.45 -790.009 -341.091 -36.304 0.000141217
1825.26 -791.053 -275.51 -31.309 0.00014113
1816.36 -792.708 -267.283 -49.6623 0.000140861
1806.53 -794.607 -294.666 -56.9658 0.000144199
1795.95 -796.07 -317.615 -43.882 0.000133849
1785 -797.551 -328.258 -44.4318 0.000131791
1775.13 -798.427 -296.246 -26.2679 0.000109274
1766.28 -799.526 -265.319 -32.9762 9.80855e-05
1758.28 -800.697 -240.223 -35.1235 0.000111531
1750.06 -802.392 -246.505 -50.8513 0.000131794
1741.08 -803.807 -269.508 -42.452 0.000118132
1732.21 -804.657 -266.138 -25.5013 7.47992e-05
1724.07 -805.552 -244.19 -26.8645 4.92694e-05
1717.98 -805.312 -182.705 7.21829 -8.31835e-06
1715.91 -804.188 -61.9035 33.7146 -6.91318e-05
1718.39 -802.738 74.3734 43.4825 -0.000104356
1725.08 -800.437 200.523 69.0458 -0.000178712
1736.74 -797.901 350.04 76.0876 -0.0002151
1752.44 -795.355 470.888 76.3653 -0.00024865
1770.25 -794.058 534.417 38.9124 -0.000188612
1789.04 -792.45 563.686 48.2424 -0.000177201
1807.29 -791.322 547.441 33.8498 -0.000144864
1823.34 -790.486 481.6 25.0569 -0.000146455
1837.93 -789.844 437.517 19.2589 -0.000143047
1851.14 -788.861 396.363 29.5048 -0.000139091
1863.48 -787.664 370.26 35.9213 -0.000151565
1875.35 -786.734 356.036 27.8713 -0.000106241
1886.54 -785.133 335.756 48.0532 -0.000112528
1897.03 -783.79 314.608 40.2892 -0.000132343
1907.14 -782.558 303.248 36.9655 -0.000130349
1917.23 -781.079 302.685 44.3685 -0.00012286
1927.22 -779.721 299.668 40.7231 -0.00011992
1937.06 -778.65 295.206 32.1476 -9.51846e-05
1946.04 -778.058 269.451 17.7478 -5.56216e-05
1952.42 -778.009 191.567 1.47463 -1.76834e-05
1956.6 -778.022 125.217 -0.392673 2.35766e-06
1960.05 -777.12 103.644 27.0519 4.00081e-05
1964.55 -774.762 134.985 70.7534 1.4998e-05
1970.24 -772.396 170.767 70.9682 -9.06527e-05
1978.38 -769.932 243.942 73.9339 -0.000223049
1988.54 -768.322 305.02 48.2789 -0.000286656
1999.84 -767.587 338.791 22.0581 -0.000298661
2012.14 -767.681 369.204 -2.81766 -0.000261401
2025.1 -769.403 388.723 -51.6675 -0.000202514
2038.49 -771.938 401.686 -76.0455 -0.000153368
2053.46 -774.219 449.025 -68.4148 -7.84056e-05
2068.44 -778.607 449.516 -131.647 -1.9786e-05
2083.89 -785.978 463.467 -221.139 6.0461e-05
2100.25 -796.654 490.707 -320.279 0.000139741
2118.11 -811.109 535.957 -433.648 0.000212096
2137.32 -828.732 576.093 -528.693 0.000256662
2155.74 -847.291 552.663 -556.781 0.000295288
2174.17 -865.311 553.054 -540.592 0.000405226
2189.66 -883.392 464.603 -542.419 0.000451496
2202.19 -900.966 375.95 -527.217 0.000441167
2211.59 -919.301 281.838 -550.05 0.000408759
2220.15 -936.837 256.914 -526.075 0.000374908
2227.98 -952.214 234.875 -461.31 0.000316514
2236.3 -964.507 249.62 -368.804 0.000210667
2246.15 -974.86 295.494 -310.601 0.000130368
2256.02 -984.877 296.018 -300.495 9.41314e-05
2266.97 -994.642 328.745 -292.966 0.000109841
2278.29 -1005.06 339.356 -312.46 0.000155277
2290.21 -1014.82 357.62 -292.817 0.000144821
2302.27 -1024.3 361.865 -284.564 0.000133374
2313.45 -1034.37 335.357 -302.058 0.000119782
2324.34 -1044.01 326.74 -289.223 0.000139105
2334.97 -1052.65 319.079 -259.121 0.000135646
2344.59 -1060.26 288.602 -228.149 9.65529e-05
2353.3 -1067 261.041 -202.29 5.89258e-05
2361.57 -1072.82 248.17 -174.561 1.88555e-05
2370.77 -1077.29 276.181 -134.086 -9.93802e-06
2380.69 -1080.9 297.407 -108.365 -3.24149e-05
2390.76 -1084.68 302.153 -113.31 -1.87026e-05
2400.85 -1087.72 302.811 -91.3309 -3.23278e-05
2410.41 -1090.44 286.788 -81.4501 -4.05516e-05
2419.24 -1093.99 264.892 -106.779 1.01866e-05
2425.51 -1097.88 188.104 -116.675 1.44606e-05
2431.08 -1099.08 167.098 -35.9103 -2.28115e-05
2435.66 -1100.94 137.235 -55.8013 -6.87596e-05
2438.66 -1103.07 90.1321 -63.7654 -5.89016e-05
2441.08 -1103.44 72.6281 -11.2882 -0.000153065
2444.32 -1103.27 96.9738 5.03252 -0.000243435
2448.87 -1102.36 136.582 27.5 -0.000316488
2456.2 -1100.35 219.83 60.1488 -0.000358363
2467.72 -1097.8 345.724 76.5959 -0.000296078
2478.29 -1094.26 316.977 106.351 -0.000257136
2486.7 -1090.23 252.552 120.625 -0.000220927
2494.19 -1083.94 224.62 188.749 -0.000279845
2501.4 -1077.08 216.226 205.993 -0.000327058
2509.72 -1069.23 249.497 235.413 -0.000330711
2517.8 -1059.84 242.482 281.796 -0.000355074
2526.32 -1049.05 255.662 323.561 -0.000391317
2535.2 -1037.57 266.242 344.364 -0.000400948
2544.7 -1025.09 285.155 374.405 -0.000417532
2553.89 -1012.97 275.632 363.702 -0.000425241
2563.18 -1000.38 278.771 377.514 -0.000444162
2572.75 -987.885 287.065 374.984 -0.000431945
2582.34 -975.599 287.742 368.586 -0.000436586
2591.73 -964.039 281.75 346.797 -0.000436449
2600.47 -953.91 262.08 303.853 -0.000405922
2609.31 -943.972 265.314 298.152 -0.000391126
2618.35 -934.156 271.124 294.49 -0.000388866
2627.72 -923.097 281.183 331.748 -0.000434549
2637.65 -911.873 297.758 336.741 -0.000451743
2646.17 -902.419 255.542 283.617 -0.000385267
2652.18 -893.604 180.534 264.428 -0.00046058
2661.03 -887.167 265.435 193.107 -0.000356055
2670.67 -879.634 289.166 226.004 -0.00034367
2680.21 -872.546 286.203 212.626 -0.000323621
2689.61 -865.866 282.103 200.416 -0.000334717
2698.33 -858.548 261.597 219.537 -0.000366436
2708.76 -849.909 312.728 259.173 -0.000412131
2719.65 -840.94 326.745 269.071 -0.000421824
2731.59 -832.795 358.219 244.346 -0.000442593
2743.9 -824.464 369.381 249.943 -0.000415199
2755.51 -816.047 348.231 252.503 -0.000367311
2766.28 -809.311 323.186 202.063 -0.00033055
2775.62 -804.291 280.12 150.623 -0.000347331
2785.85 -800.166 306.918 123.734 -0.00029198
2795.13 -794.284 278.285 176.474 -0.000341204
2804.88 -788.067 292.528 186.488 -0.000385332
2815.51 -782.542 318.952 165.772 -0.000379055
2826.35 -777.21 325.109 159.962 -0.000349045
2836.13 -772.007 293.488 156.08 -0.000313202
2844.85 -767.377 261.71 138.896 -0.000286002
2852.99 -763.337 244.053 121.199 -0.000277556
2860.93 -759.711 238.101 108.796 -0.000275458
2868.73 -756.043 234.163 110.02 -0.00028583
2877.17 -752.214 253.133 114.882 -0.000332211
2886.76 -748.72 287.784 104.832 -0.000356706
2897.08 -745.432 309.611 98.6162 -0.000346663
2907.48 -742.822 312.085 78.3135 -0.000329285
2917.34 -740.515 295.61 69.2018 -0.000301926
2926.47 -739.146 274.046 41.0747 -0.000291568
2934.74 -739.624 248.043 -14.3487 -0.000261937
2942.48 -740.569 232.115 -28.3293 -0.000202955
2949.25 -741.695 203.141 -33.799 -0.000185824
2955.72 -741.851 194.184 -4.68678 -0.000181927
2962.11 -741.276 191.578 17.2559 -0.000178372
2968.32 -740.807 186.354 14.0694 -0.000173182
2974.74 -739.577 192.485 36.9133 -0.000225695
2982.16 -738.721 222.609 25.6634 -0.000337248
2991.06 -738.907 266.959 -5.55427 -0.000462989
3001.03 -739.942 299.206 -31.0543 -0.000478516
3011.64 -741.229 318.228 -38.616 -0.000482782
3022.33 -743.239 320.734 -60.3128 -0.000442648
3032.61 -745.524 308.427 -68.5266 -0.000376563
3040.95 -748.219 250.327 -80.8501 -0.00034822
3047.77 -750.966 204.59 -82.4157 -0.000297834
3053.73 -753.078 178.591 -63.3677 -0.000237372
3058.19 -754.746 133.798 -50.0485 -0.000231847
3062.05 -756.246 115.797 -44.9793 -0.000240119
3065.1 -758.229 91.7791 -59.5083 -0.000260667
3067.6 -759.682 74.8449 -43.5771 -0.000303519
3070.67 -760.863 92.0914 -35.4505 -0.000320215
3074.45 -762.526 113.442 -49.8808 -0.00033807
3078.49 -764.765 121.059 -67.1794 -0.000396447
3083.54 -767.261 151.564 -74.865 -0.00044519
3089.42 -771.036 176.439 -113.265 -0.000431682
3094.84 -774.692 162.519 -109.674 -0.00042361
3099.75 -778.35 147.368 -109.734 -0.000440488
3104.96 -782.31 156.325 -118.804 -0.000444996
3110.36 -786.402 161.946 -122.756 -0.00043846
3115.49 -790.457 153.83 -121.653 -0.00043155
3120.61 -794.548 153.819 -122.716 -0.00041718
3125.38 -799.177 142.907 -138.876 -0.00042119
3129.78 -803.735 132.181 -136.751 -0.00041509
3133.96 -807.502 125.356 -113.013 -0.000443467
3137.91 -811.265 118.512 -112.88 -0.000509002
3143.01 -815.357 152.948 -122.758 -0.000492855
3147.63 -819.94 138.531 -137.487 -0.000522594
3150.55 -825.475 87.6806 -166.064 -0.00056443
3153.44 -831.037 86.8169 -166.862 -0.000539448
3155.22 -836.64 53.2123 -168.075 -0.000488663
3155.44 -841.561 6.68024 -147.64 -0.00043755
3154.59 -845.367 -25.4232 -114.174 -0.000427196
3153.51 -848.064 -32.5492 -80.9004 -0.000396019
3152.68 -850.672 -24.8606 -78.2613 -0.00033267
3150.87 -853.453 -54.2184 -83.4246 -0.000300809
3149.14 -854.899 -51.9388 -43.3876 -0.000310312
3148.11 -855.986 -30.9506 -32.5941 -0.000334351
3147.53 -858.65 -17.5143 -79.9342 -0.000283583
3145.95 -860.731 -47.3726 -62.4127 -0.000295596
3145.19 -862.278 -22.7709 -46.4321 -0.000281866
3144.37 -864.336 -24.497 -61.7314 -0.000261378
3143.13 -866.02 -37.1275 -50.5195 -0.000286845
3142.68 -867.482 -13.657 -43.8403 -0.00030745
3142.68 -869.061 -0.063001 -47.3804 -0.000327258
3144.34 -870.392 49.8555 -39.9222 -0.00032084
3146.96 -872.797 78.6247 -72.1564 -0.00032075
3150.95 -875.634 119.692 -85.1084 -0.000317031
3156.51 -878.218 166.971 -77.5278 -0.000280515
3163.1 -880.909 197.555 -80.7191 -0.0002471
3169.91 -883.783 204.333 -86.2321 -0.000259961
3176.97 -886.109 211.696 -69.7873 -0.000311953
3186.13 -886.052 274.909 1.73246 -0.000385367
3198.35 -884.665 366.642 41.6038 -0.000403465
3212.78 -882.865 432.851 54.0072 -0.000447098
3228.35 -880.762 467.044 63.0822 -0.000537244
3244.93 -878.951 497.519 54.3298 -0.000506525
3262.52 -875.848 527.741 93.0898 -0.000560571
3282.1 -872.266 587.281 107.442 -0.000483884
3300.98 -870.159 566.439 63.2204 -0.000461901
3319.1 -867.188 543.48 89.1281 -0.000493647
3336.1 -864.842 510.091 70.3737 -0.000432415
3350.68 -862.964 437.359 56.3367 -0.000384363
3362.6 -862.629 357.6 10.0686 -0.000320161
3372.87 -862.45 308.212 5.36761 -0.000284327
3381.83 -862.205 268.799 7.33505 -0.000262231
3389.02 -863.117 215.764 -27.3594 -0.000187987
3393.97 -864.566 148.4 -43.4618 -0.000129349
3397.36 -865.574 101.578 -30.2275 -9.47604e-05
3399.85 -866.005 74.764 -12.9531 -7.91417e-05
3401.52 -866.375 50.1264 -11.0773 -8.84521e-05
3402.48 -866.605 28.9388 -6.9084 -0.000168305
3404.19 -866.073 51.2401 15.9557 -0.000243675
3407.62 -865.53 102.692 16.293 -0.000273816
3411.65 -866.405 121.141 -26.2382 -0.000270283
3416.3 -867.89 139.495 -44.5628 -0.000303743
3421.49 -869.778 155.628 -56.6325 -0.00035445
3426.91 -872.483 162.458 -81.1562 -0.000340468
3431.88 -875.922 149.348 -103.163 -0.000303809
3436.46 -879.437 137.126 -105.462 -0.000284483
3440.29 -882.513 114.936 -92.279 -0.000258558
3443.91 -884.717 108.851 -66.1207 -0.000236732
3446.76 -887.065 85.4276 -70.4362 -0.000220942
3449.01 -889.806 67.3661 -82.2163 -0.000202883
3450.76 -892.721 52.4374 -87.4594 -0.000164376
3452.07 -895.337 39.3012 -78.4741 -0.00010995
3452.77 -897.691 21.1394 -70.6199 -5.70577e-05
3452.85 -899.746 2.46098 -61.648 -9.48417e-06
3452.37 -900.341 -14.46 -17.8521 4.43189e-06
3452.86 -899.22 14.7597 33.6103 9.94707e-06
3453.19 -898.895 9.86464 9.76199 3.69036e-05
3452.16 -898.477 -30.9364 12.5364 -1.58941e-05
3450.2 -899.35 -58.7023 -26.1763 -0.000118564
3450.21 -898.26 0.260409 32.681 -6.94553e-05
3451.25 -898.752 31.0327 -14.7549 -7.89994e-05
3452.81 -899.543 46.846 -23.7297 -0.000165333
3454.69 -901.454 56.4504 -57.3273 -0.000208877
3455.92 -904.198 36.9644 -82.3115 -0.000288383
3458.45 -907.443 75.8411 -97.3678 -0.000324074
3461.04 -911.579 77.8049 -124.06 -0.000315256
3462.97 -915.669 57.7381 -122.72 -0.000345142
3464.65 -919.83 50.3939 -124.812 -0.00038531
3465.97 -924.601 39.7535 -143.147 -0.000425968
3467.32 -929.557 40.3877 -148.66 -0.000429344
3468.83 -934.748 45.2617 -155.747 -0.000440218
3469.97 -940.582 34.3001 -175.006 -0.000449707
3470.62 -946.435 19.5509 -175.586 -0.000483083
3472.45 -951.697 54.8574 -157.887 -0.000439498
3473.6 -957.439 34.3483 -172.26 -0.000466285
3474.37 -963.549 23.0826 -183.292 -0.000464108
3474.66 -969.543 8.76956 -179.799 -0.000453752
3473.92 -974.913 -22.2862 -161.127 -0.000423537
3470.16 -980.463 -112.535 -166.489 -0.000503964
3469.25 -988.486 -27.4273 -240.687 -0.000428452
3469.4 -993.915 4.43107 -162.868 -0.000436611
3470.27 -998.87 26.0929 -148.645 -0.000359284
3471.09 -1003.04 24.7734 -125.226 -0.000344472
3472.4 -1006.14 39.0898 -92.7813 -0.000316618
3473.42 -1009.73 30.7434 -107.894 -0.000303672
3474.21 -1013.39 23.7382 -109.695 -0.000297416
3475.52 -1016.64 39.3043 -97.4029 -0.000266749
3477.08 -1019.92 46.6509 -98.5831 -0.00022276
3479 -1022.7 57.5734 -83.4486 -0.000190371
3481.6 -1025.27 78.1324 -76.915 -0.000143151
3484.78 -1027.6 95.293 -70.0474 -0.000122656
3488.87 -1030.06 122.776 -73.7739 -7.47119e-05
3491.08 -1031.84 66.2845 -53.4597 -0.000116036
3493.65 -1033.55 77.0206 -51.1245 -0.000129266
3496.58 -1035.66 88.1208 -63.3745 -0.000137255
3500 -1038.2 102.532 -76.327 -0.000155579
3503.79 -1041.53 113.749 -99.6553 -0.000166745
3507.51 -1045.32 111.369 -113.784 -0.000202714
3511.96 -1048.95 133.656 -109.019 -0.000246532
3518.64 -1053.21 200.42 -127.713 -0.000227614
3526.39 -1058.45 232.329 -157.27 -0.0001885
3535.37 -1063.59 269.469 -154.116 -0.000149882
3544.39 -1068.89 270.59 -159.069 -0.000100249
3552.99 -1073.43 258.146 -136.041 -8.82681e-05
3560.37 -1077.76 221.422 -130.02 -6.44694e-05
3565.56 -1081.27 155.476 -105.294 -8.30561e-05
3569.82 -1083.83 127.81 -76.8119 -8.76811e-05
3574.12 -1085.5 129.122 -49.9968 -0.000110812
3579.1 -1086.47 149.298 -29.0488 -0.00014362
3585.15 -1087.35 181.45 -26.4395 -0.000175519
3592.03 -1088.36 206.515 -30.3589 -0.000210081
3599.24 -1090.09 216.274 -51.8934 -0.000215315
3606.85 -1092.1 228.291 -60.255 -0.000251805
3615.67 -1094.45 264.698 -70.6353 -0.000285116
3624.99 -1097.36 279.457 -87.0925 -0.000285024
3633.86 -1100.58 266.188 -96.6384 -0.000278744
3643.23 -1103.56 281.07 -89.4595 -0.000283565
3652.23 -1106.72 270.002 -94.7508 -0.000254471
3660.37 -1109.58 244.342 -85.9815 -0.000278098
3668.4 -1112.25 240.754 -80.1609 -0.00027261
3676.19 -1115.04 233.658 -83.609 -0.000292414
3684.39 -1117.73 246.148 -80.5008 -0.000280836
3692.28 -1120.7 236.62 -89.1476 -0.000265271
3699.68 -1123.38 222.052 -80.6381 -0.000241764
3706.47 -1125.38 203.652 -59.8918 -0.000226413
3712.78 -1127.14 189.268 -52.7723 -0.000207427
3718.51 -1128.92 172.023 -53.4734 -0.000185545
3723.64 -1130.63 153.705 -51.1801 -0.000188194
3729.41 -1131.69 173.246 -31.9472 -0.00021719
3735.67 -1132.99 187.781 -38.8813 -0.00022372
3742.43 -1134.25 202.756 -37.9051 -0.000251228
3749.78 -1135.82 220.665 -47.0278 -0.000272195
3757.33 -1137.49 226.304 -50.011 -0.000265893
3764.36 -1139.58 210.882 -62.6167 -0.000230063
3770.62 -1141.06 187.935 -44.6918 -0.000226747
3777.22 -1141.73 197.929 -19.8893 -0.000212713
3782.86 -1142.8 169.228 -32.1392 -0.000186143
3787.75 -1143.76 146.661 -28.7589 -0.000191042
3793.17 -1143.84 162.493 -2.40749 -0.000215348
3799.88 -1143.45 201.343 11.7612 -0.000263926
3807 -1144.1 213.74 -19.5401 -0.000268615
3814.23 -1145.18 216.764 -32.4974 -0.00027081
3821.42 -1146.18 215.893 -29.859 -0.000285566
3829.18 -1147.06 232.835 -26.4882 -0.00028115
3836.47 -1148.35 218.572 -38.7254 -0.000275151
3843.94 -1149.55 223.996 -35.8821 -0.000279551
3851.66 -1150.48 231.83 -28.1527 -0.000291437
3859.87 -1151.34 246.198 -25.6295 -0.000304977
3868.04 -1152.55 244.947 -36.2603 -0.000323122
3876.7 -1153.48 259.933 -28.1011 -0.000328635
3885.39 -1154.88 260.598 -41.8144 -0.000324853
3893.67 -1156.72 248.445 -55.2155 -0.000310052
3901.86 -1158.44 245.634 -51.6059 -0.000320985
3910.1 -1160.42 247.376 -59.5859 -0.000288892
3917.2 -1162.41 212.902 -59.5148 -0.000251449
3923.48 -1163.89 188.447 -44.5934 -0.000233215
3928.67 -1165.38 155.66 -44.5961 -0.00021171
3932.47 -1167.05 114.04 -49.9631 -0.000183888
3935.38 -1168.45 87.4102 -42.0952 -0.000178005
3937.47 -1169.27 62.542 -24.6442 -0.000182327
3938.6 -1169.68 34.0729 -12.3735 -0.000189705
3938.97 -1169.94 10.8226 -7.55759 -0.00021206
3938.33 -1170.22 -19.0175 -8.42913 -0.000262139
3936.91 -1170.28 -42.6575 -1.86737 -0.000303921
3935.18 -1169.75 -51.8723 15.9342 -0.00034534
3933.91 -1169.02 -38.1243 21.9555 -0.000397689
3934.05 -1168.92 4.35709 2.90966 -0.000413532
3934.82 -1169.51 22.8859 -17.795 -0.000408772
3935.69 -1170.01 26.0867 -14.8755 -0.000414551
3936.81 -1170.75 33.7196 -22.2731 -0.000397759
3937.49 -1172.48 20.428 -51.8502 -0.000334872
3937.61 -1173.14 3.55036 -19.7888 -0.000290837
3937.37 -1173.89 -7.15944 -22.6761 -0.00026176
3937.27 -1174.69 -2.9162 -23.8281 -0.00021841
3937.22 -1174.85 -1.75526 -4.7161 -0.000211602
3938.59 -1174.05 41.1504 23.95 -0.000207723
3940.36 -1172.43 53.1153 48.4379 -0.000223245
3941.09 -1170.27 21.8008 64.8473 -0.000287182
3941.5 -1166.22 12.4069 121.422 -0.000396142
3942.32 -1162.93 24.5115 98.6659 -0.000511254
3943.02 -1160.8 21.2156 64.1161 -0.000610572
3942.95 -1158.81 -2.32123 59.5223 -0.000665653
3942.05 -1156.35 -26.7613 73.815 -0.000692557
3940.44 -1154.65 -48.3991 51.2281 -0.000678122
3938.07 -1153.3 -71.0343 40.3157 -0.000669627
3935.88 -1151.35 -65.9062 58.5859 -0.000652898
3933.82 -1149.15 -61.7999 65.9896 -0.000640408
3932.01 -1147.03 -54.2983 63.4512 -0.000630694
3930.46 -1145.13 -46.2503 57.0804 -0.0006224
3929.35 -1142.99 -33.4703 64.217 -0.000609233
3928.7 -1140.5 -19.456 74.6493 -0.000595715
3928.23 -1138 -14.0728 74.9949 -0.000575027
3927.59 -1136.01 -19.341 59.7601 -0.000548562
3926.74 -1134.31 -25.3591 51.1203 -0.000501455
3925.98 -1133 -22.7477 39.0617 -0.000417345
3925.26 -1132.13 -21.7759 26.2631 -0.000309578
3924.38 -1131.13 -26.3424 29.9404 -0.000239427
3923.58 -1130.24 -24.095 26.7207 -0.000208895
3922.79 -1129.14 -23.4894 32.9792 -0.000209126
3921.79 -1127.7 -30.1664 43.1607 -0.000224498
3921.2 -1125.63 -17.5959 62.1994 -0.000205106
3921.43 -1121.83 6.76633 113.898 -0.000281532
3922.93 -1116.06 45.041 173.142 -0.0004651
3925.65 -1107.75 81.7287 249.47 -0.000644065
3929.7 -1094.61 121.355 394.137 -0.000773071
3935.3 -1078.8 167.959 474.131 -0.000834912
3941.78 -1061.85 194.448 508.538 -0.000827283
3948.12 -1045.42 190.304 492.945 -0.00077883
3955.38 -1027.45 217.747 539.025 -0.000836664
3962 -1010.31 198.699 514.408 -0.000868377
3968.18 -993.159 185.212 514.42 -0.000847862
3973.49 -977.477 159.576 470.466 -0.000740522
3977.73 -963.984 127.183 404.793 -0.000603687
3981.66 -952.096 117.922 356.637 -0.000525981
3985.67 -942.64 120.179 283.679 -0.000422632
3989.52 -933.529 115.338 273.32 -0.000391254
3993.4 -924.008 116.593 285.625 -0.000420617
3996.99 -914.103 107.633 297.144 -0.000472057
3999.7 -903.586 81.4049 315.523 -0.000547293
4001.94 -892.716 67.0416 326.084 -0.00060478
4003.8 -882.107 55.7364 318.29 -0.000679832
4005.47 -871.419 50.1847 320.631 -0.000721605
4006.64 -859.95 35.2145 344.065 -0.000768038
4007.49 -849.218 25.494 321.966 -0.000697642
4008.71 -839.736 36.621 284.453 -0.000526841
4011.18 -831.52 74.1052 246.487 -0.000354567
4014.92 -825.749 111.985 173.147 -0.000181358
4018.34 -820.36 102.591 161.65 -8.47681e-05
4021.55 -815.935 96.4756 132.747 4.03894e-05
4024.56 -813.329 90.3752 78.1857 0.000133277
4027.56 -812.651 89.8518 20.334 0.000187371
4029.95 -811.117 71.7112 46.029 7.07301e-05
4030.68 -809.748 21.8344 41.0755 -0.000102314
4030.05 -807.455 -18.8241 68.781 -0.000181331
4029.26 -804.886 -23.7939 77.0604 -0.000209247
4028.4 -802.033 -25.6051 85.5972 -0.000235142
4027.51 -798.835 -26.7657 95.9567 -0.000251256
4026.59 -795.364 -27.6366 104.12 -0.000250164
4026.39 -791.61 -5.99955 112.631 -0.000268744
4026.29 -786.873 -2.90193 142.096 -0.000328969
4025.8 -780.638 -14.6832 187.046 -0.000427585
4024.74 -773.205 -31.8801 222.993 -0.000520044
4023.5 -764.781 -37.2081 252.708 -0.000587359
4022.1 -755.909 -42.0384 266.171 -0.000623662
4020.29 -747.165 -54.1974 262.32 -0.000598642
4018.02 -739.571 -68.0387 227.812 -0.000518888
4015.41 -733.587 -78.46 179.518 -0.00036048
4013.41 -730.411 -59.862 95.3018 -0.000130813
4011.01 -729.816 -72.2659 17.8348 7.32362e-05
4012.14 -732.945 34.0953 -93.8578 0.000255507
4013.75 -738.686 48.1474 -172.226 0.000396464
4015.4 -746.721 49.6728 -241.069 0.00050454
4017.63 -756.76 66.8061 -301.159 0.000638825
4020.38 -768.139 82.5155 -341.384 0.000727973
4023.79 -781.306 102.415 -395.009 0.000836905
4028.08 -795.198 128.468 -416.753 0.00088495
4033.05 -809.932 149.127 -442.01 0.000970311
4038.01 -824.23 148.808 -428.947 0.00100356
4041.93 -838.704 117.75 -434.206 0.00103984
4043.8 -851.762 56.161 -391.741 0.000983885
4043.08 -860.892 -21.7815 -273.921 0.000806462
4040.64 -864.235 -73.1574 -100.282 0.000571346
4037.2 -861.873 -103.091 70.8686 0.000370413
4033.24 -857.001 -118.962 146.142 0.000285686
4028.17 -850.788 -152.15 186.401 0.000277858
4024.31 -843.484 -115.648 219.114 0.000275941
4020.35 -834.807 -118.772 260.325 0.000320409
4015.66 -823.302 -140.794 345.132 0.000287641
4011.57 -810.094 -122.727 396.242 0.000197057
4008.18 -797.897 -101.586 365.908 0.00015284
4005.61 -788.648 -77.2503 277.468 7.33743e-05
4004.38 -783.923 -36.9226 141.77 7.69448e-05
4003.68 -782.566 -20.9049 40.6902 9.04121e-05
4002.98 -783.026 -20.8899 -13.7904 0.000169713
4001.41 -783.771 -47.2235 -22.3539 0.000274581
3998.39 -783.642 -90.6934 3.87839 0.000399748
3994.48 -781.671 -117.121 59.1244 0.00044244
3990.16 -779.326 -129.506 70.3466 0.000454387
3985.38 -776.449 -143.499 86.3133 0.000488931
3979.42 -772.078 -178.915 131.143 0.000518211
3973.98 -767.991 -163.052 122.604 0.000512783
3969.4 -764.711 -137.561 98.4009 0.000520807
3965.69 -762.389 -111.317 69.6568 0.000510645
3963.08 -760.919 -78.3098 44.0959 0.00047809
3960.08 -759.748 -90.0285 35.1335 0.000467931
3956.09 -757.846 -119.413 57.0687 0.000445975
3951.74 -754.608 -130.651 97.1244 0.000472537
3947.14 -750.474 -137.949 124.039 0.000491451
3942.22 -745.654 -147.764 144.594 0.000515476
3938.15 -739.813 -121.861 175.213 0.000471708
3934.76 -733.26 -101.918 196.606 0.000418035
3932.07 -725.24 -80.5977 240.599 0.000284442
3930.77 -717.469 -39.1338 233.128 0.00018301
3931.06 -709.319 8.88451 244.493 -1.08611e-05
3931.13 -701.359 1.92719 238.821 0.000135257
3931.25 -692.597 3.66369 262.852 0.00014488
3930.89 -682.99 -10.8321 288.193 8.1814e-05
3930.37 -673.917 -15.5904 272.19 0.000221907
3929.22 -664.529 -34.3556 281.662 0.000244564
3928.77 -654.127 -13.5015 312.057 0.000231912
3929.29 -644.372 15.4568 292.648 0.000239625
3930.6 -636.208 39.2586 244.923 0.000266597
3932.63 -629.099 60.9753 213.247 0.000326624
3935.73 -621.717 92.9084 221.461 0.000383533
3940.12 -614.294 131.703 222.715 0.000380954
3945.18 -607.283 152.016 210.318 0.000388891
3949.57 -599.251 131.563 240.961 0.000377372
3953.21 -589.891 109.193 280.79 0.00034018
3956.45 -581.029 97.2494 265.88 0.000321015
3960.5 -573.311 121.405 231.521 0.000364991
3964.36 -565.004 115.871 249.22 0.000391867
3967.37 -555.114 90.2703 296.685 0.000398237
3970.48 -544.033 93.4441 332.431 0.000399632
3973.17 -532.881 80.5694 334.558 0.000341649
3976.81 -523.35 109.226 285.944 0.000366311
3979.79 -514.809 89.3985 256.223 0.000356481
3982 -506.591 66.3574 246.544 0.000339459
3984.35 -498.613 70.5105 239.351 0.000313439
3986.55 -491.874 66.0447 202.164 0.000274643
3988.61 -486.077 61.6544 173.913 0.000262913
3990.01 -480.26 42.0582 174.509 0.000231234
3991.24 -475.118 37.0381 154.254 0.000202988
3992.32 -471.06 32.1337 121.75 0.000169069
3993.21 -467.749 26.7201 99.3082 0.000162546
3993.91 -464.708 21.0486 91.2449 0.000149852
3994.7 -461.921 23.7091 83.5972 0.000160324
3995.39 -458.675 20.7649 97.3833 0.000203569
3996.46 -453.992 32.0818 140.486 0.000248949
3997.65 -447.451 35.8012 196.245 0.000248143
3999.26 -442.341 48.3538 153.284 0.0002521
4000.46 -437.894 35.7378 133.429 0.000262105
4001.35 -432 26.721 176.804 0.000284128
4002.26 -425.985 27.2901 180.452 0.000283272
4003.54 -420.687 38.456 158.954 0.000290313
4004.48 -414.959 28.1152 171.833 0.000304715
4005.67 -408.523 35.925 193.089 0.000287142
4007.16 -402.44 44.662 182.471 0.000260275
4008.37 -397.339 36.3957 153.043 0.000237144
4009.14 -393.082 23.0168 127.702 0.000196417
